2,1587,24,2,0
2,1602,24,2,0
2,1618,24,2,0
2,1634,24,2,0
8,1668,9,1,0
8,1673,9,1,0
14,1584,36,2,0
14,1590,36,2,0
14,1591,36,2,0
14,1598,1576,3,3
14,1607,36,2,0
14,1615,36,2,0
14,1617,36,2,0
14,1637,36,2,0
14,1638,1576,3,3
14,1639,36,2,0
14,1653,1576,3,3
14,1663,1576,3,3
14,1664,36,2,0
14,1665,36,2,0
14,1669,36,2,0
14,1671,36,2,0
14,1677,36,2,0
20,1586,21,1,0
20,1635,21,1,0
20,1636,21,1,0
20,1644,21,1,0
20,1646,21,1,0
20,1649,21,1,0
20,1651,21,1,0
20,1654,21,1,0
20,1667,21,1,0
20,1670,21,1,0
20,1675,21,1,0
20,1676,21,1,0
20,1679,21,1,0
24,1587,46,3,0
24,1602,46,3,0
24,1618,46,3,0
24,1634,46,3,0
30,1668,31,2,1
30,1673,31,2,1
36,1584,58,3,0
36,1590,58,3,0
36,1591,58,3,0
36,1598,14,0,2
36,1607,58,3,0
36,1615,58,3,0
36,1617,58,3,0
36,1637,58,3,0
36,1638,14,0,2
36,1639,58,3,0
36,1653,14,0,2
36,1663,14,0,2
36,1664,58,3,0
36,1665,58,3,0
36,1669,58,3,0
36,1671,58,3,0
36,1677,58,3,0
42,1636,43,2,1
42,1644,43,2,1
42,1646,43,2,1
42,1649,43,2,1
42,1654,43,2,1
42,1667,43,2,1
42,1675,43,2,1
42,1676,43,2,1
46,1587,68,3,0
46,1602,68,3,0
46,1618,68,3,0
46,1634,68,3,0
52,1668,53,2,1
52,1673,53,2,1
58,1584,80,3,0
58,1590,80,3,0
58,1591,80,3,0
58,1598,36,0,3
58,1607,80,3,0
58,1615,80,3,0
58,1617,80,3,0
58,1633,36,0,3
58,1637,80,3,0
58,1638,36,0,3
58,1639,80,3,0
58,1653,36,0,3
58,1663,36,0,3
58,1664,80,3,0
58,1665,80,3,0
58,1669,80,3,0
58,1671,80,3,0
58,1677,80,3,0
64,1636,65,2,1
64,1641,65,2,1
64,1644,65,2,1
64,1646,65,2,1
64,1654,65,2,1
64,1667,65,2,1
64,1675,65,2,1
64,1676,65,2,1
68,1587,90,3,0
68,1602,90,3,0
68,1618,90,3,0
68,1634,90,3,0
74,1668,75,2,1
74,1673,75,2,1
80,1584,102,3,0
80,1590,102,3,0
80,1591,102,3,0
80,1598,58,0,3
80,1607,102,3,0
80,1615,102,3,0
80,1617,102,3,0
80,1633,58,0,3
80,1637,102,3,0
80,1639,102,3,0
80,1663,58,0,3
80,1665,102,3,0
80,1669,102,3,0
80,1671,102,3,0
80,1677,102,3,0
86,1595,87,2,1
86,1636,87,2,1
86,1641,87,2,1
86,1644,87,2,1
86,1646,87,2,1
86,1654,87,2,1
86,1667,87,2,1
86,1675,87,2,1
86,1676,87,2,1
90,1587,112,3,0
90,1602,112,3,0
90,1618,112,3,0
90,1634,112,3,0
96,1668,97,2,1
102,1584,124,3,0
102,1590,124,3,0
102,1591,124,3,0
102,1598,80,0,3
102,1607,124,3,0
102,1615,124,3,0
102,1617,124,3,0
102,1623,80,0,3
102,1633,80,0,3
102,1637,124,3,0
102,1639,124,3,0
102,1663,80,0,3
102,1665,124,3,0
102,1669,124,3,0
102,1671,124,3,0
102,1677,124,3,0
108,1592,109,2,1
108,1595,109,2,1
108,1628,109,2,1
108,1636,109,2,1
108,1641,109,2,1
108,1644,109,2,1
108,1645,109,2,1
108,1646,109,2,1
108,1654,109,2,1
108,1667,109,2,1
108,1675,109,2,1
108,1676,109,2,1
112,1587,134,3,0
112,1602,134,3,0
112,1618,134,3,0
112,1634,134,3,0
118,1668,119,2,1
124,1584,146,3,0
124,1590,146,3,0
124,1591,146,3,0
124,1598,102,0,3
124,1607,146,3,0
124,1615,146,3,0
124,1617,146,3,0
124,1623,102,0,3
124,1633,102,0,3
124,1637,146,3,0
124,1639,146,3,0
124,1663,102,0,3
124,1665,146,3,0
124,1669,146,3,0
124,1671,146,3,0
124,1677,146,3,0
130,1585,131,2,1
130,1592,131,2,1
130,1595,131,2,1
130,1628,131,2,1
130,1636,131,2,1
130,1641,131,2,1
130,1644,131,2,1
130,1645,131,2,1
130,1646,131,2,1
130,1654,131,2,1
130,1667,131,2,1
130,1675,131,2,1
130,1676,131,2,1
134,1587,156,3,0
134,1602,156,3,0
134,1618,156,3,0
134,1634,156,3,0
146,1584,168,3,0
146,1590,168,3,0
146,1591,168,3,0
146,1604,168,3,0
146,1607,168,3,0
146,1615,168,3,0
146,1617,168,3,0
146,1623,124,0,3
146,1633,124,0,3
146,1637,168,3,0
146,1639,168,3,0
146,1663,124,0,3
146,1665,168,3,0
146,1669,168,3,0
146,1671,168,3,0
146,1677,168,3,0
152,1585,153,2,1
152,1592,153,2,1
152,1595,153,2,1
152,1628,153,2,1
152,1636,153,2,1
152,1641,153,2,1
152,1644,153,2,1
152,1645,153,2,1
152,1646,153,2,1
152,1654,153,2,1
152,1667,153,2,1
152,1675,153,2,1
152,1676,153,2,1
156,1587,178,3,0
156,1602,178,3,0
156,1618,178,3,0
156,1634,178,3,0
168,1584,190,3,0
168,1590,190,3,0
168,1591,190,3,0
168,1604,190,3,0
168,1607,190,3,0
168,1615,190,3,0
168,1617,190,3,0
168,1623,146,0,3
168,1633,146,0,3
168,1637,190,3,0
168,1639,190,3,0
168,1663,146,0,3
168,1664,146,0,3
168,1665,190,3,0
168,1669,190,3,0
168,1671,190,3,0
168,1677,190,3,0
174,1585,175,2,1
174,1592,175,2,1
174,1595,175,2,1
174,1597,175,2,1
174,1628,175,2,1
174,1636,175,2,1
174,1641,175,2,1
174,1644,175,2,1
174,1645,175,2,1
174,1646,175,2,1
174,1654,175,2,1
174,1667,175,2,1
174,1675,175,2,1
174,1676,175,2,1
178,1587,200,3,0
178,1602,200,3,0
178,1618,200,3,0
178,1634,200,3,0
190,1584,212,3,0
190,1590,212,3,0
190,1591,212,3,0
190,1604,212,3,0
190,1607,212,3,0
190,1615,212,3,0
190,1617,212,3,0
190,1623,168,0,3
190,1633,168,0,3
190,1637,212,3,0
190,1639,212,3,0
190,1663,168,0,3
190,1664,168,0,3
190,1665,212,3,0
190,1669,212,3,0
190,1671,212,3,0
190,1677,212,3,0
196,1585,197,2,1
196,1592,197,2,1
196,1594,197,2,1
196,1595,197,2,1
196,1597,197,2,1
196,1628,197,2,1
196,1636,197,2,1
196,1641,197,2,1
196,1644,197,2,1
196,1645,197,2,1
196,1646,197,2,1
196,1654,197,2,1
196,1666,197,2,1
196,1667,197,2,1
196,1675,197,2,1
196,1676,197,2,1
200,1587,222,3,0
200,1602,222,3,0
200,1618,222,3,0
200,1634,222,3,0
206,1673,207,2,1
212,1584,234,3,0
212,1590,234,3,0
212,1591,234,3,0
212,1604,234,3,0
212,1607,234,3,0
212,1615,234,3,0
212,1617,234,3,0
212,1623,190,0,3
212,1633,190,0,3
212,1637,234,3,0
212,1639,234,3,0
212,1663,190,0,3
212,1664,190,0,3
212,1665,234,3,0
212,1669,234,3,0
212,1671,234,3,0
212,1677,234,3,0
218,1585,219,2,1
218,1592,219,2,1
218,1594,219,2,1
218,1595,219,2,1
218,1597,219,2,1
218,1628,219,2,1
218,1636,219,2,1
218,1641,219,2,1
218,1644,219,2,1
218,1645,219,2,1
218,1646,219,2,1
218,1654,219,2,1
218,1666,219,2,1
218,1667,219,2,1
218,1675,219,2,1
218,1676,219,2,1
222,1587,244,3,0
222,1602,244,3,0
222,1618,244,3,0
228,1673,229,2,1
234,1584,256,3,0
234,1590,256,3,0
234,1591,256,3,0
234,1604,256,3,0
234,1607,256,3,0
234,1615,256,3,0
234,1617,256,3,0
234,1623,212,0,3
234,1633,212,0,3
234,1637,256,3,0
234,1639,256,3,0
234,1663,212,0,3
234,1664,212,0,3
234,1665,256,3,0
234,1669,256,3,0
234,1671,256,3,0
234,1677,256,3,0
240,1585,241,2,1
240,1592,241,2,1
240,1594,241,2,1
240,1595,241,2,1
240,1597,241,2,1
240,1628,241,2,1
240,1636,241,2,1
240,1641,241,2,1
240,1644,241,2,1
240,1645,241,2,1
240,1646,241,2,1
240,1654,241,2,1
240,1666,241,2,1
240,1667,241,2,1
240,1675,241,2,1
240,1676,241,2,1
240,1683,241,2,1
244,1587,266,3,0
244,1602,266,3,0
244,1618,266,3,0
244,1634,222,0,3
250,1673,251,2,1
256,1584,278,3,0
256,1590,278,3,0
256,1591,278,3,0
256,1604,278,3,0
256,1607,278,3,0
256,1615,278,3,0
256,1617,278,3,0
256,1623,234,0,3
256,1633,234,0,3
256,1637,278,3,0
256,1663,234,0,3
256,1664,234,0,3
256,1665,278,3,0
256,1669,278,3,0
256,1671,278,3,0
256,1677,278,3,0
262,1585,263,2,1
262,1592,263,2,1
262,1594,263,2,1
262,1595,263,2,1
262,1597,263,2,1
262,1628,263,2,1
262,1636,263,2,1
262,1641,263,2,1
262,1644,263,2,1
262,1645,263,2,1
262,1646,263,2,1
262,1654,263,2,1
262,1666,263,2,1
262,1667,263,2,1
262,1675,263,2,1
262,1676,263,2,1
262,1683,263,2,1
266,1587,288,3,0
266,1602,288,3,0
266,1618,288,3,0
266,1634,244,0,3
272,1673,273,2,1
278,1584,300,3,0
278,1590,300,3,0
278,1591,300,3,0
278,1604,300,3,0
278,1607,300,3,0
278,1615,300,3,0
278,1617,300,3,0
278,1623,256,0,3
278,1633,256,0,3
278,1637,300,3,0
278,1664,256,0,3
278,1665,300,3,0
278,1669,300,3,0
278,1677,300,3,0
284,1585,285,2,1
284,1592,285,2,1
284,1594,285,2,1
284,1595,285,2,1
284,1597,285,2,1
284,1603,285,2,1
284,1628,285,2,1
284,1631,285,2,1
284,1636,285,2,1
284,1641,285,2,1
284,1644,285,2,1
284,1645,285,2,1
284,1646,285,2,1
284,1654,285,2,1
284,1662,285,2,1
284,1666,285,2,1
284,1667,285,2,1
284,1675,285,2,1
284,1676,285,2,1
284,1683,285,2,1
288,1587,310,3,0
288,1602,310,3,0
288,1618,310,3,0
294,1673,295,2,1
300,1584,322,3,0
300,1591,322,3,0
300,1604,322,3,0
300,1615,322,3,0
300,1617,322,3,0
300,1621,322,3,0
300,1623,278,0,3
300,1633,278,0,3
300,1637,322,3,0
300,1664,278,0,3
300,1669,322,3,0
306,1585,307,2,1
306,1592,307,2,1
306,1594,307,2,1
306,1595,307,2,1
306,1597,307,2,1
306,1603,307,2,1
306,1609,307,2,1
306,1626,307,2,1
306,1628,307,2,1
306,1629,307,2,1
306,1631,307,2,1
306,1636,307,2,1
306,1641,307,2,1
306,1644,307,2,1
306,1645,307,2,1
306,1646,307,2,1
306,1654,307,2,1
306,1662,307,2,1
306,1666,307,2,1
306,1667,307,2,1
306,1670,307,2,1
306,1675,307,2,1
306,1676,307,2,1
306,1679,307,2,1
306,1683,307,2,1
310,1618,332,3,0
316,1673,317,2,1
322,1584,344,3,0
322,1591,344,3,0
322,1604,344,3,0
322,1615,344,3,0
322,1617,344,3,0
322,1621,344,3,0
322,1623,300,0,3
322,1633,300,0,3
322,1664,300,0,3
328,1585,329,2,1
328,1592,329,2,1
328,1594,329,2,1
328,1595,329,2,1
328,1597,329,2,1
328,1603,329,2,1
328,1609,329,2,1
328,1626,329,2,1
328,1628,329,2,1
328,1629,329,2,1
328,1631,329,2,1
328,1636,329,2,1
328,1641,329,2,1
328,1644,329,2,1
328,1645,329,2,1
328,1646,329,2,1
328,1654,329,2,1
328,1662,329,2,1
328,1666,329,2,1
328,1667,329,2,1
328,1670,329,2,1
328,1675,329,2,1
328,1676,329,2,1
328,1679,329,2,1
328,1683,329,2,1
332,1618,354,3,0
338,1673,339,2,1
344,1584,366,3,0
344,1591,366,3,0
344,1604,366,3,0
344,1617,366,3,0
344,1621,366,3,0
344,1623,322,0,3
344,1633,322,0,3
344,1639,322,0,3
344,1640,366,3,0
344,1648,366,3,0
344,1658,366,3,0
344,1664,322,0,3
350,1585,351,2,1
350,1592,351,2,1
350,1594,351,2,1
350,1595,351,2,1
350,1597,351,2,1
350,1603,351,2,1
350,1609,351,2,1
350,1626,351,2,1
350,1628,351,2,1
350,1629,351,2,1
350,1631,351,2,1
350,1636,351,2,1
350,1641,351,2,1
350,1644,351,2,1
350,1645,351,2,1
350,1646,351,2,1
350,1654,351,2,1
350,1662,351,2,1
350,1666,351,2,1
350,1667,351,2,1
350,1670,351,2,1
350,1675,351,2,1
350,1676,351,2,1
350,1679,351,2,1
350,1683,351,2,1
354,1618,376,3,0
360,1596,361,2,1
360,1673,361,2,1
366,1584,388,3,0
366,1591,388,3,0
366,1593,388,3,0
366,1604,388,3,0
366,1617,388,3,0
366,1621,388,3,0
366,1623,344,0,3
366,1633,344,0,3
366,1639,344,0,3
366,1640,388,3,0
366,1648,388,3,0
366,1658,388,3,0
366,1664,344,0,3
366,1671,344,0,3
372,1585,373,2,1
372,1592,373,2,1
372,1594,373,2,1
372,1595,373,2,1
372,1597,373,2,1
372,1603,373,2,1
372,1609,373,2,1
372,1626,373,2,1
372,1628,373,2,1
372,1629,373,2,1
372,1631,373,2,1
372,1636,373,2,1
372,1641,373,2,1
372,1644,373,2,1
372,1645,373,2,1
372,1646,373,2,1
372,1654,373,2,1
372,1662,373,2,1
372,1666,373,2,1
372,1667,373,2,1
372,1670,373,2,1
372,1675,373,2,1
372,1676,373,2,1
372,1679,373,2,1
372,1683,373,2,1
376,1587,354,0,3
376,1618,398,3,0
382,1596,383,2,1
382,1673,383,2,1
388,1590,366,0,3
388,1593,410,3,0
388,1604,410,3,0
388,1607,366,0,3
388,1621,410,3,0
388,1623,366,0,3
388,1633,366,0,3
388,1639,366,0,3
388,1640,410,3,0
388,1648,410,3,0
388,1658,410,3,0
388,1664,366,0,3
388,1671,366,0,3
388,1672,410,3,0
388,1677,366,0,3
388,1678,410,3,0
394,1585,395,2,1
394,1592,395,2,1
394,1594,395,2,1
394,1595,395,2,1
394,1597,395,2,1
394,1603,395,2,1
394,1609,395,2,1
394,1626,395,2,1
394,1628,395,2,1
394,1629,395,2,1
394,1631,395,2,1
394,1636,395,2,1
394,1641,395,2,1
394,1644,395,2,1
394,1645,395,2,1
394,1646,395,2,1
394,1654,395,2,1
394,1662,395,2,1
394,1666,395,2,1
394,1667,395,2,1
394,1670,395,2,1
394,1675,395,2,1
394,1676,395,2,1
394,1679,395,2,1
394,1683,395,2,1
398,1587,376,0,3
398,1602,376,0,3
398,1618,420,3,0
404,1596,405,2,1
404,1673,405,2,1
410,1590,388,0,3
410,1593,432,3,0
410,1604,432,3,0
410,1607,388,0,3
410,1621,432,3,0
410,1623,388,0,3
410,1633,388,0,3
410,1637,388,0,3
410,1639,388,0,3
410,1640,432,3,0
410,1648,432,3,0
410,1658,432,3,0
410,1664,388,0,3
410,1665,388,0,3
410,1669,388,0,3
410,1671,388,0,3
410,1672,432,3,0
410,1677,388,0,3
410,1678,432,3,0
416,1585,417,2,1
416,1592,417,2,1
416,1594,417,2,1
416,1595,417,2,1
416,1597,417,2,1
416,1599,417,2,1
416,1603,417,2,1
416,1609,417,2,1
416,1626,417,2,1
416,1628,417,2,1
416,1629,417,2,1
416,1631,417,2,1
416,1636,417,2,1
416,1641,417,2,1
416,1644,417,2,1
416,1645,417,2,1
416,1646,417,2,1
416,1654,417,2,1
416,1662,417,2,1
416,1666,417,2,1
416,1667,417,2,1
416,1670,417,2,1
416,1675,417,2,1
416,1676,417,2,1
416,1679,417,2,1
416,1683,417,2,1
420,1587,398,0,3
420,1602,398,0,3
420,1618,442,3,0
426,1596,427,2,1
426,1673,427,2,1
432,1590,410,0,3
432,1593,454,3,0
432,1604,454,3,0
432,1607,410,0,3
432,1615,410,0,3
432,1621,454,3,0
432,1623,410,0,3
432,1633,410,0,3
432,1637,410,0,3
432,1639,410,0,3
432,1640,454,3,0
432,1648,454,3,0
432,1649,410,0,3
432,1658,454,3,0
432,1664,410,0,3
432,1665,410,0,3
432,1669,410,0,3
432,1671,410,0,3
432,1672,454,3,0
432,1677,410,0,3
432,1678,454,3,0
438,1585,439,2,1
438,1592,439,2,1
438,1594,439,2,1
438,1595,439,2,1
438,1597,439,2,1
438,1599,439,2,1
438,1603,439,2,1
438,1609,439,2,1
438,1626,439,2,1
438,1628,439,2,1
438,1629,439,2,1
438,1631,439,2,1
438,1636,439,2,1
438,1641,439,2,1
438,1644,439,2,1
438,1645,439,2,1
438,1646,439,2,1
438,1654,439,2,1
438,1662,439,2,1
438,1666,439,2,1
438,1667,439,2,1
438,1670,439,2,1
438,1675,439,2,1
438,1676,439,2,1
438,1679,439,2,1
438,1683,439,2,1
442,1587,420,0,3
442,1602,420,0,3
442,1618,464,3,0
448,1596,449,2,1
448,1673,449,2,1
454,1590,432,0,3
454,1593,476,3,0
454,1604,476,3,0
454,1607,432,0,3
454,1615,432,0,3
454,1621,476,3,0
454,1623,432,0,3
454,1633,432,0,3
454,1637,432,0,3
454,1639,432,0,3
454,1640,476,3,0
454,1648,476,3,0
454,1649,432,0,3
454,1658,476,3,0
454,1664,432,0,3
454,1665,432,0,3
454,1669,432,0,3
454,1671,432,0,3
454,1672,476,3,0
454,1677,432,0,3
454,1678,476,3,0
460,1585,461,2,1
460,1592,461,2,1
460,1594,461,2,1
460,1595,461,2,1
460,1597,461,2,1
460,1599,461,2,1
460,1603,461,2,1
460,1609,461,2,1
460,1626,461,2,1
460,1628,461,2,1
460,1629,461,2,1
460,1631,461,2,1
460,1633,461,2,1
460,1636,461,2,1
460,1641,461,2,1
460,1644,461,2,1
460,1645,461,2,1
460,1646,461,2,1
460,1654,461,2,1
460,1662,461,2,1
460,1666,461,2,1
460,1667,461,2,1
460,1670,461,2,1
460,1675,461,2,1
460,1676,461,2,1
460,1679,461,2,1
460,1683,461,2,1
464,1587,442,0,3
464,1602,442,0,3
464,1618,486,3,0
470,1596,471,2,1
470,1673,471,2,1
476,1584,454,0,3
476,1590,454,0,3
476,1591,454,0,3
476,1593,498,3,0
476,1604,498,3,0
476,1607,454,0,3
476,1615,454,0,3
476,1617,454,0,3
476,1621,498,3,0
476,1623,454,0,3
476,1637,454,0,3
476,1639,454,0,3
476,1640,498,3,0
476,1648,498,3,0
476,1649,454,0,3
476,1658,498,3,0
476,1664,454,0,3
476,1665,454,0,3
476,1669,454,0,3
476,1671,454,0,3
476,1672,498,3,0
476,1677,454,0,3
476,1678,498,3,0
482,1585,483,2,1
482,1594,483,2,1
482,1595,483,2,1
482,1597,483,2,1
482,1599,483,2,1
482,1603,483,2,1
482,1609,483,2,1
482,1626,483,2,1
482,1628,483,2,1
482,1629,483,2,1
482,1631,483,2,1
482,1633,483,2,1
482,1636,483,2,1
482,1641,483,2,1
482,1644,483,2,1
482,1645,483,2,1
482,1646,483,2,1
482,1654,483,2,1
482,1666,483,2,1
482,1667,483,2,1
482,1670,483,2,1
482,1675,483,2,1
482,1676,483,2,1
482,1679,483,2,1
482,1683,483,2,1
486,1587,464,0,3
486,1602,464,0,3
486,1618,508,3,0
492,1596,493,2,1
492,1673,493,2,1
498,1584,476,0,3
498,1590,476,0,3
498,1591,476,0,3
498,1593,520,3,0
498,1604,520,3,0
498,1607,476,0,3
498,1615,476,0,3
498,1617,476,0,3
498,1621,520,3,0
498,1623,476,0,3
498,1637,476,0,3
498,1639,476,0,3
498,1640,520,3,0
498,1648,520,3,0
498,1649,476,0,3
498,1658,520,3,0
498,1664,476,0,3
498,1665,476,0,3
498,1669,476,0,3
498,1671,476,0,3
498,1672,520,3,0
498,1677,476,0,3
498,1678,520,3,0
504,1585,505,2,1
504,1594,505,2,1
504,1595,505,2,1
504,1597,505,2,1
504,1599,505,2,1
504,1603,505,2,1
504,1609,505,2,1
504,1622,505,2,1
504,1626,505,2,1
504,1628,505,2,1
504,1629,505,2,1
504,1631,505,2,1
504,1633,505,2,1
504,1636,505,2,1
504,1641,505,2,1
504,1644,505,2,1
504,1645,505,2,1
504,1646,505,2,1
504,1654,505,2,1
504,1666,505,2,1
504,1667,505,2,1
504,1670,505,2,1
504,1675,505,2,1
504,1676,505,2,1
504,1679,505,2,1
504,1683,505,2,1
508,1587,486,0,3
508,1602,486,0,3
508,1618,530,3,0
514,1596,515,2,1
514,1673,515,2,1
520,1584,498,0,3
520,1590,498,0,3
520,1591,498,0,3
520,1593,542,3,0
520,1604,542,3,0
520,1607,498,0,3
520,1615,498,0,3
520,1617,498,0,3
520,1621,542,3,0
520,1637,498,0,3
520,1639,498,0,3
520,1640,542,3,0
520,1648,542,3,0
520,1649,498,0,3
520,1658,542,3,0
520,1664,498,0,3
520,1665,498,0,3
520,1669,498,0,3
520,1671,498,0,3
520,1672,542,3,0
520,1677,498,0,3
520,1678,542,3,0
526,1585,527,2,1
526,1594,527,2,1
526,1595,527,2,1
526,1597,527,2,1
526,1599,527,2,1
526,1603,527,2,1
526,1609,527,2,1
526,1622,527,2,1
526,1626,527,2,1
526,1628,527,2,1
526,1629,527,2,1
526,1631,527,2,1
526,1633,527,2,1
526,1636,527,2,1
526,1641,527,2,1
526,1644,527,2,1
526,1645,527,2,1
526,1646,527,2,1
526,1654,527,2,1
526,1666,527,2,1
526,1667,527,2,1
526,1670,527,2,1
526,1676,527,2,1
526,1679,527,2,1
526,1683,527,2,1
530,1587,508,0,3
530,1602,508,0,3
530,1618,552,3,0
536,1596,537,2,1
536,1673,537,2,1
542,1584,520,0,3
542,1590,520,0,3
542,1591,520,0,3
542,1593,564,3,0
542,1604,564,3,0
542,1607,520,0,3
542,1615,520,0,3
542,1617,520,0,3
542,1621,564,3,0
542,1639,520,0,3
542,1640,564,3,0
542,1648,564,3,0
542,1649,520,0,3
542,1658,564,3,0
542,1664,520,0,3
542,1665,520,0,3
542,1669,520,0,3
542,1671,520,0,3
542,1672,564,3,0
542,1677,520,0,3
542,1678,564,3,0
548,1585,549,2,1
548,1592,549,2,1
548,1594,549,2,1
548,1595,549,2,1
548,1597,549,2,1
548,1599,549,2,1
548,1603,549,2,1
548,1609,549,2,1
548,1622,549,2,1
548,1626,549,2,1
548,1628,549,2,1
548,1629,549,2,1
548,1631,549,2,1
548,1641,549,2,1
548,1644,549,2,1
548,1645,549,2,1
548,1646,549,2,1
548,1654,549,2,1
548,1662,549,2,1
548,1666,549,2,1
548,1667,549,2,1
548,1670,549,2,1
548,1676,549,2,1
548,1679,549,2,1
548,1683,549,2,1
552,1587,530,0,3
552,1602,530,0,3
552,1618,574,3,0
558,1596,559,2,1
558,1673,559,2,1
564,1584,542,0,3
564,1590,542,0,3
564,1591,542,0,3
564,1593,586,3,0
564,1604,586,3,0
564,1607,542,0,3
564,1615,542,0,3
564,1617,542,0,3
564,1621,586,3,0
564,1639,542,0,3
564,1640,586,3,0
564,1648,586,3,0
564,1649,542,0,3
564,1658,586,3,0
564,1664,542,0,3
564,1665,542,0,3
564,1669,542,0,3
564,1671,542,0,3
564,1672,586,3,0
564,1677,542,0,3
564,1678,586,3,0
570,1585,571,2,1
570,1592,571,2,1
570,1594,571,2,1
570,1595,571,2,1
570,1597,571,2,1
570,1599,571,2,1
570,1603,571,2,1
570,1609,571,2,1
570,1622,571,2,1
570,1625,571,2,1
570,1626,571,2,1
570,1628,571,2,1
570,1629,571,2,1
570,1631,571,2,1
570,1641,571,2,1
570,1644,571,2,1
570,1645,571,2,1
570,1646,571,2,1
570,1654,571,2,1
570,1662,571,2,1
570,1666,571,2,1
570,1667,571,2,1
570,1670,571,2,1
570,1676,571,2,1
570,1679,571,2,1
570,1683,571,2,1
574,1587,552,0,3
574,1602,552,0,3
574,1618,596,3,0
580,1596,581,2,1
580,1673,581,2,1
586,1584,564,0,3
586,1590,564,0,3
586,1591,564,0,3
586,1593,608,3,0
586,1604,608,3,0
586,1607,564,0,3
586,1615,564,0,3
586,1617,564,0,3
586,1621,608,3,0
586,1639,564,0,3
586,1640,608,3,0
586,1648,608,3,0
586,1649,564,0,3
586,1658,608,3,0
586,1664,564,0,3
586,1665,564,0,3
586,1669,564,0,3
586,1671,564,0,3
586,1672,608,3,0
586,1677,564,0,3
586,1678,608,3,0
592,1585,593,2,1
592,1592,593,2,1
592,1594,593,2,1
592,1595,593,2,1
592,1597,593,2,1
592,1599,593,2,1
592,1603,593,2,1
592,1609,593,2,1
592,1622,593,2,1
592,1625,593,2,1
592,1626,593,2,1
592,1628,593,2,1
592,1629,593,2,1
592,1631,593,2,1
592,1633,593,2,1
592,1641,593,2,1
592,1644,593,2,1
592,1645,593,2,1
592,1646,593,2,1
592,1654,593,2,1
592,1662,593,2,1
592,1666,593,2,1
592,1667,593,2,1
592,1670,593,2,1
592,1675,593,2,1
592,1679,593,2,1
592,1683,593,2,1
596,1587,574,0,3
596,1602,574,0,3
596,1618,618,3,0
602,1596,603,2,1
602,1673,603,2,1
608,1584,586,0,3
608,1590,586,0,3
608,1591,586,0,3
608,1593,630,3,0
608,1604,630,3,0
608,1607,586,0,3
608,1615,586,0,3
608,1617,586,0,3
608,1621,630,3,0
608,1639,586,0,3
608,1640,630,3,0
608,1648,630,3,0
608,1649,586,0,3
608,1658,630,3,0
608,1665,586,0,3
608,1669,586,0,3
608,1671,586,0,3
608,1672,630,3,0
608,1677,586,0,3
608,1678,630,3,0
614,1585,615,2,1
614,1592,615,2,1
614,1594,615,2,1
614,1595,615,2,1
614,1597,615,2,1
614,1599,615,2,1
614,1603,615,2,1
614,1609,615,2,1
614,1622,615,2,1
614,1624,615,2,1
614,1625,615,2,1
614,1626,615,2,1
614,1628,615,2,1
614,1629,615,2,1
614,1631,615,2,1
614,1633,615,2,1
614,1635,615,2,1
614,1636,615,2,1
614,1641,615,2,1
614,1644,615,2,1
614,1645,615,2,1
614,1646,615,2,1
614,1654,615,2,1
614,1662,615,2,1
614,1666,615,2,1
614,1667,615,2,1
614,1670,615,2,1
614,1675,615,2,1
614,1679,615,2,1
614,1683,615,2,1
618,1587,596,0,3
618,1602,596,0,3
618,1618,640,3,0
624,1596,625,2,1
624,1673,625,2,1
630,1584,608,0,3
630,1591,608,0,3
630,1593,652,3,0
630,1604,652,3,0
630,1607,608,0,3
630,1615,608,0,3
630,1617,608,0,3
630,1621,652,3,0
630,1639,608,0,3
630,1640,652,3,0
630,1648,652,3,0
630,1649,608,0,3
630,1658,652,3,0
630,1665,608,0,3
630,1669,608,0,3
630,1671,608,0,3
630,1672,652,3,0
630,1677,608,0,3
630,1678,652,3,0
636,1585,637,2,1
636,1592,637,2,1
636,1594,637,2,1
636,1597,637,2,1
636,1599,637,2,1
636,1603,637,2,1
636,1609,637,2,1
636,1622,637,2,1
636,1624,637,2,1
636,1625,637,2,1
636,1626,637,2,1
636,1628,637,2,1
636,1629,637,2,1
636,1631,637,2,1
636,1633,637,2,1
636,1635,637,2,1
636,1636,637,2,1
636,1641,637,2,1
636,1644,637,2,1
636,1645,637,2,1
636,1646,637,2,1
636,1654,637,2,1
636,1662,637,2,1
636,1666,637,2,1
636,1667,637,2,1
636,1670,637,2,1
636,1675,637,2,1
636,1679,637,2,1
636,1683,637,2,1
640,1587,618,0,3
640,1602,618,0,3
646,1596,647,2,1
646,1673,647,2,1
652,1584,630,0,3
652,1591,630,0,3
652,1593,674,3,0
652,1604,674,3,0
652,1607,630,0,3
652,1615,630,0,3
652,1617,630,0,3
652,1621,674,3,0
652,1639,630,0,3
652,1640,674,3,0
652,1648,674,3,0
652,1649,630,0,3
652,1658,674,3,0
652,1665,630,0,3
652,1669,630,0,3
652,1671,630,0,3
652,1672,674,3,0
652,1677,630,0,3
652,1678,674,3,0
658,1585,659,2,1
658,1592,659,2,1
658,1594,659,2,1
658,1597,659,2,1
658,1599,659,2,1
658,1603,659,2,1
658,1609,659,2,1
658,1622,659,2,1
658,1624,659,2,1
658,1625,659,2,1
658,1626,659,2,1
658,1629,659,2,1
658,1631,659,2,1
658,1633,659,2,1
658,1635,659,2,1
658,1636,659,2,1
658,1641,659,2,1
658,1646,659,2,1
658,1654,659,2,1
658,1662,659,2,1
658,1666,659,2,1
658,1670,659,2,1
658,1675,659,2,1
658,1679,659,2,1
658,1683,659,2,1
662,1587,640,0,3
662,1602,640,0,3
668,1596,669,2,1
668,1673,669,2,1
674,1584,652,0,3
674,1591,652,0,3
674,1593,696,3,0
674,1604,696,3,0
674,1607,652,0,3
674,1615,652,0,3
674,1617,652,0,3
674,1621,696,3,0
674,1638,696,3,0
674,1639,652,0,3
674,1640,696,3,0
674,1648,696,3,0
674,1649,652,0,3
674,1658,696,3,0
674,1665,652,0,3
674,1669,652,0,3
674,1671,652,0,3
674,1672,696,3,0
674,1677,652,0,3
674,1678,696,3,0
680,1586,681,2,1
680,1592,681,2,1
680,1594,681,2,1
680,1597,681,2,1
680,1599,681,2,1
680,1603,681,2,1
680,1609,681,2,1
680,1624,681,2,1
680,1625,681,2,1
680,1626,681,2,1
680,1629,681,2,1
680,1631,681,2,1
680,1633,681,2,1
680,1635,681,2,1
680,1636,681,2,1
680,1641,681,2,1
680,1651,681,2,1
680,1654,681,2,1
680,1662,681,2,1
680,1666,681,2,1
680,1670,681,2,1
680,1675,681,2,1
680,1679,681,2,1
680,1683,681,2,1
684,1587,662,0,3
684,1602,662,0,3
690,1596,691,2,1
690,1673,691,2,1
696,1584,674,0,3
696,1591,674,0,3
696,1593,718,3,0
696,1604,718,3,0
696,1607,674,0,3
696,1615,674,0,3
696,1617,674,0,3
696,1621,718,3,0
696,1638,718,3,0
696,1639,674,0,3
696,1640,718,3,0
696,1648,718,3,0
696,1649,674,0,3
696,1653,718,3,0
696,1658,718,3,0
696,1665,674,0,3
696,1669,674,0,3
696,1671,674,0,3
696,1672,718,3,0
696,1677,674,0,3
696,1678,718,3,0
702,1586,703,2,1
702,1592,703,2,1
702,1594,703,2,1
702,1597,703,2,1
702,1599,703,2,1
702,1603,703,2,1
702,1609,703,2,1
702,1624,703,2,1
702,1625,703,2,1
702,1626,703,2,1
702,1629,703,2,1
702,1631,703,2,1
702,1633,703,2,1
702,1635,703,2,1
702,1636,703,2,1
702,1641,703,2,1
702,1651,703,2,1
702,1662,703,2,1
702,1666,703,2,1
702,1670,703,2,1
702,1675,703,2,1
702,1679,703,2,1
702,1683,703,2,1
706,1587,684,0,3
706,1602,684,0,3
706,1618,684,0,3
712,1596,713,2,1
712,1673,713,2,1
718,1584,696,0,3
718,1591,696,0,3
718,1593,740,3,0
718,1604,740,3,0
718,1607,696,0,3
718,1615,696,0,3
718,1617,696,0,3
718,1621,740,3,0
718,1638,740,3,0
718,1639,696,0,3
718,1640,740,3,0
718,1648,740,3,0
718,1649,696,0,3
718,1653,740,3,0
718,1658,740,3,0
718,1665,696,0,3
718,1669,696,0,3
718,1671,696,0,3
718,1672,740,3,0
718,1677,696,0,3
718,1678,740,3,0
724,1586,725,2,1
724,1592,725,2,1
724,1594,725,2,1
724,1595,725,2,1
724,1599,725,2,1
724,1603,725,2,1
724,1609,725,2,1
724,1622,725,2,1
724,1624,725,2,1
724,1625,725,2,1
724,1626,725,2,1
724,1627,725,2,1
724,1629,725,2,1
724,1631,725,2,1
724,1633,725,2,1
724,1635,725,2,1
724,1636,725,2,1
724,1641,725,2,1
724,1645,725,2,1
724,1651,725,2,1
724,1662,725,2,1
724,1666,725,2,1
724,1670,725,2,1
724,1675,725,2,1
724,1679,725,2,1
724,1683,725,2,1
728,1587,706,0,3
728,1602,706,0,3
728,1618,706,0,3
734,1596,735,2,1
734,1673,735,2,1
740,1584,718,0,3
740,1591,718,0,3
740,1593,762,3,0
740,1604,762,3,0
740,1615,718,0,3
740,1617,718,0,3
740,1621,762,3,0
740,1638,762,3,0
740,1639,718,0,3
740,1640,762,3,0
740,1648,762,3,0
740,1649,718,0,3
740,1653,762,3,0
740,1658,762,3,0
740,1665,718,0,3
740,1669,718,0,3
740,1671,718,0,3
740,1672,762,3,0
740,1677,718,0,3
740,1678,762,3,0
746,1585,747,2,1
746,1586,747,2,1
746,1592,747,2,1
746,1595,747,2,1
746,1599,747,2,1
746,1603,747,2,1
746,1609,747,2,1
746,1622,747,2,1
746,1624,747,2,1
746,1625,747,2,1
746,1626,747,2,1
746,1627,747,2,1
746,1628,747,2,1
746,1629,747,2,1
746,1631,747,2,1
746,1633,747,2,1
746,1635,747,2,1
746,1636,747,2,1
746,1641,747,2,1
746,1645,747,2,1
746,1651,747,2,1
746,1662,747,2,1
746,1670,747,2,1
746,1675,747,2,1
746,1679,747,2,1
746,1683,747,2,1
750,1587,728,0,3
750,1602,728,0,3
750,1618,728,0,3
756,1596,757,2,1
756,1673,757,2,1
762,1584,740,0,3
762,1591,740,0,3
762,1593,784,3,0
762,1604,784,3,0
762,1615,740,0,3
762,1617,740,0,3
762,1621,784,3,0
762,1638,784,3,0
762,1639,740,0,3
762,1640,784,3,0
762,1648,784,3,0
762,1649,740,0,3
762,1653,784,3,0
762,1658,784,3,0
762,1665,740,0,3
762,1671,740,0,3
762,1672,784,3,0
762,1677,740,0,3
762,1678,784,3,0
768,1585,769,2,1
768,1586,769,2,1
768,1592,769,2,1
768,1595,769,2,1
768,1599,769,2,1
768,1603,769,2,1
768,1609,769,2,1
768,1622,769,2,1
768,1624,769,2,1
768,1625,769,2,1
768,1626,769,2,1
768,1627,769,2,1
768,1628,769,2,1
768,1629,769,2,1
768,1631,769,2,1
768,1633,769,2,1
768,1635,769,2,1
768,1636,769,2,1
768,1645,769,2,1
768,1651,769,2,1
768,1662,769,2,1
768,1670,769,2,1
768,1675,769,2,1
768,1679,769,2,1
768,1683,769,2,1
772,1587,750,0,3
772,1602,750,0,3
772,1618,750,0,3
778,1596,779,2,1
778,1673,779,2,1
784,1584,762,0,3
784,1591,762,0,3
784,1593,806,3,0
784,1604,806,3,0
784,1615,762,0,3
784,1617,762,0,3
784,1621,806,3,0
784,1638,806,3,0
784,1640,806,3,0
784,1648,806,3,0
784,1649,762,0,3
784,1653,806,3,0
784,1658,806,3,0
784,1665,762,0,3
784,1671,762,0,3
784,1672,806,3,0
784,1677,762,0,3
784,1678,806,3,0
790,1585,791,2,1
790,1586,791,2,1
790,1592,791,2,1
790,1595,791,2,1
790,1599,791,2,1
790,1603,791,2,1
790,1609,791,2,1
790,1622,791,2,1
790,1624,791,2,1
790,1625,791,2,1
790,1626,791,2,1
790,1627,791,2,1
790,1628,791,2,1
790,1629,791,2,1
790,1631,791,2,1
790,1633,791,2,1
790,1635,791,2,1
790,1636,791,2,1
790,1645,791,2,1
790,1651,791,2,1
790,1662,791,2,1
790,1670,791,2,1
790,1675,791,2,1
790,1679,791,2,1
794,1587,772,0,3
794,1602,772,0,3
794,1618,772,0,3
800,1673,801,2,1
806,1584,784,0,3
806,1591,784,0,3
806,1593,828,3,0
806,1598,828,3,0
806,1604,828,3,0
806,1615,784,0,3
806,1617,784,0,3
806,1621,828,3,0
806,1638,828,3,0
806,1640,828,3,0
806,1648,828,3,0
806,1649,784,0,3
806,1653,828,3,0
806,1658,828,3,0
806,1665,784,0,3
806,1672,828,3,0
806,1678,828,3,0
812,1585,813,2,1
812,1586,813,2,1
812,1592,813,2,1
812,1594,813,2,1
812,1595,813,2,1
812,1597,813,2,1
812,1603,813,2,1
812,1609,813,2,1
812,1622,813,2,1
812,1624,813,2,1
812,1626,813,2,1
812,1627,813,2,1
812,1628,813,2,1
812,1629,813,2,1
812,1631,813,2,1
812,1633,813,2,1
812,1635,813,2,1
812,1636,813,2,1
812,1645,813,2,1
812,1651,813,2,1
812,1662,813,2,1
812,1666,813,2,1
812,1670,813,2,1
812,1675,813,2,1
812,1679,813,2,1
816,1587,794,0,3
816,1602,794,0,3
816,1618,794,0,3
822,1673,823,2,1
828,1584,806,0,3
828,1591,806,0,3
828,1593,850,3,0
828,1598,850,3,0
828,1604,850,3,0
828,1615,806,0,3
828,1617,806,0,3
828,1621,850,3,0
828,1638,850,3,0
828,1640,850,3,0
828,1648,850,3,0
828,1649,806,0,3
828,1653,850,3,0
828,1658,850,3,0
828,1663,850,3,0
828,1672,850,3,0
828,1678,850,3,0
834,1585,835,2,1
834,1586,835,2,1
834,1592,835,2,1
834,1594,835,2,1
834,1595,835,2,1
834,1597,835,2,1
834,1622,835,2,1
834,1624,835,2,1
834,1627,835,2,1
834,1628,835,2,1
834,1633,835,2,1
834,1635,835,2,1
834,1636,835,2,1
834,1645,835,2,1
834,1651,835,2,1
834,1662,835,2,1
834,1666,835,2,1
834,1670,835,2,1
834,1675,835,2,1
834,1679,835,2,1
838,1587,816,0,3
838,1602,816,0,3
838,1618,816,0,3
844,1673,845,2,1
850,1584,828,0,3
850,1591,828,0,3
850,1593,872,3,0
850,1598,872,3,0
850,1617,828,0,3
850,1621,872,3,0
850,1638,872,3,0
850,1640,872,3,0
850,1648,872,3,0
850,1653,872,3,0
850,1658,872,3,0
850,1663,872,3,0
850,1672,872,3,0
850,1678,872,3,0
856,1585,857,2,1
856,1586,857,2,1
856,1592,857,2,1
856,1594,857,2,1
856,1595,857,2,1
856,1597,857,2,1
856,1622,857,2,1
856,1627,857,2,1
856,1628,857,2,1
856,1633,857,2,1
856,1635,857,2,1
856,1636,857,2,1
856,1645,857,2,1
856,1651,857,2,1
856,1662,857,2,1
856,1666,857,2,1
856,1675,857,2,1
860,1587,838,0,3
860,1602,838,0,3
860,1618,838,0,3
866,1673,867,2,1
872,1584,850,0,3
872,1591,850,0,3
872,1593,894,3,0
872,1598,894,3,0
872,1617,850,0,3
872,1621,894,3,0
872,1638,894,3,0
872,1640,894,3,0
872,1648,894,3,0
872,1653,894,3,0
872,1658,894,3,0
872,1663,894,3,0
872,1672,894,3,0
872,1678,894,3,0
878,1585,879,2,1
878,1592,879,2,1
878,1594,879,2,1
878,1595,879,2,1
878,1597,879,2,1
878,1599,879,2,1
878,1622,879,2,1
878,1625,879,2,1
878,1628,879,2,1
878,1633,879,2,1
878,1636,879,2,1
878,1645,879,2,1
878,1662,879,2,1
878,1666,879,2,1
878,1675,879,2,1
878,1683,879,2,1
882,1587,860,0,3
882,1602,860,0,3
882,1618,860,0,3
888,1596,889,2,1
894,1584,872,0,3
894,1593,916,3,0
894,1598,916,3,0
894,1621,916,3,0
894,1623,916,3,0
894,1638,916,3,0
894,1640,916,3,0
894,1648,916,3,0
894,1653,916,3,0
894,1658,916,3,0
894,1663,916,3,0
894,1672,916,3,0
894,1678,916,3,0
900,1585,901,2,1
900,1592,901,2,1
900,1594,901,2,1
900,1595,901,2,1
900,1597,901,2,1
900,1599,901,2,1
900,1622,901,2,1
900,1625,901,2,1
900,1628,901,2,1
900,1633,901,2,1
900,1636,901,2,1
900,1645,901,2,1
900,1649,901,2,1
900,1662,901,2,1
900,1666,901,2,1
900,1675,901,2,1
900,1683,901,2,1
904,1587,882,0,3
904,1602,882,0,3
904,1618,882,0,3
910,1596,911,2,1
916,1593,938,3,0
916,1598,938,3,0
916,1621,938,3,0
916,1623,938,3,0
916,1638,938,3,0
916,1640,938,3,0
916,1648,938,3,0
916,1653,938,3,0
916,1658,938,3,0
916,1663,938,3,0
916,1672,938,3,0
916,1678,938,3,0
922,1585,923,2,1
922,1592,923,2,1
922,1594,923,2,1
922,1595,923,2,1
922,1597,923,2,1
922,1599,923,2,1
922,1603,923,2,1
922,1609,923,2,1
922,1622,923,2,1
922,1624,923,2,1
922,1625,923,2,1
922,1626,923,2,1
922,1627,923,2,1
922,1628,923,2,1
922,1629,923,2,1
922,1631,923,2,1
922,1633,923,2,1
922,1636,923,2,1
922,1645,923,2,1
922,1649,923,2,1
922,1662,923,2,1
922,1666,923,2,1
922,1675,923,2,1
922,1679,923,2,1
922,1683,923,2,1
926,1602,904,0,3
926,1618,904,0,3
932,1596,933,2,1
938,1593,960,3,0
938,1598,960,3,0
938,1604,916,0,3
938,1621,960,3,0
938,1623,960,3,0
938,1638,960,3,0
938,1640,960,3,0
938,1648,960,3,0
938,1653,960,3,0
938,1658,960,3,0
938,1663,960,3,0
938,1672,960,3,0
938,1678,960,3,0
944,1585,945,2,1
944,1586,945,2,1
944,1592,945,2,1
944,1594,945,2,1
944,1595,945,2,1
944,1597,945,2,1
944,1599,945,2,1
944,1603,945,2,1
944,1609,945,2,1
944,1622,945,2,1
944,1624,945,2,1
944,1625,945,2,1
944,1626,945,2,1
944,1627,945,2,1
944,1628,945,2,1
944,1629,945,2,1
944,1631,945,2,1
944,1633,945,2,1
944,1635,945,2,1
944,1636,945,2,1
944,1645,945,2,1
944,1651,945,2,1
944,1662,945,2,1
944,1666,945,2,1
944,1667,945,2,1
944,1670,945,2,1
944,1675,945,2,1
944,1679,945,2,1
944,1683,945,2,1
948,1618,926,0,3
954,1596,955,2,1
960,1593,982,3,0
960,1598,982,3,0
960,1604,938,0,3
960,1621,982,3,0
960,1623,982,3,0
960,1638,982,3,0
960,1640,982,3,0
960,1648,982,3,0
960,1653,982,3,0
960,1658,982,3,0
960,1663,982,3,0
960,1672,982,3,0
960,1676,938,0,3
960,1678,982,3,0
966,1585,967,2,1
966,1586,967,2,1
966,1592,967,2,1
966,1594,967,2,1
966,1595,967,2,1
966,1597,967,2,1
966,1599,967,2,1
966,1603,967,2,1
966,1609,967,2,1
966,1622,967,2,1
966,1624,967,2,1
966,1625,967,2,1
966,1626,967,2,1
966,1627,967,2,1
966,1628,967,2,1
966,1629,967,2,1
966,1631,967,2,1
966,1633,967,2,1
966,1635,967,2,1
966,1636,967,2,1
966,1645,967,2,1
966,1649,967,2,1
966,1651,967,2,1
966,1662,967,2,1
966,1666,967,2,1
966,1667,967,2,1
966,1670,967,2,1
966,1675,967,2,1
966,1679,967,2,1
966,1683,967,2,1
970,1618,948,0,3
976,1596,977,2,1
982,1593,1004,3,0
982,1598,1004,3,0
982,1604,960,0,3
982,1623,1004,3,0
982,1638,1004,3,0
982,1640,1004,3,0
982,1648,1004,3,0
982,1653,1004,3,0
982,1658,1004,3,0
982,1663,1004,3,0
982,1664,1004,3,0
982,1672,1004,3,0
982,1676,960,0,3
982,1678,1004,3,0
988,1585,989,2,1
988,1586,989,2,1
988,1592,989,2,1
988,1594,989,2,1
988,1595,989,2,1
988,1597,989,2,1
988,1599,989,2,1
988,1603,989,2,1
988,1609,989,2,1
988,1622,989,2,1
988,1624,989,2,1
988,1625,989,2,1
988,1626,989,2,1
988,1627,989,2,1
988,1628,989,2,1
988,1629,989,2,1
988,1631,989,2,1
988,1633,989,2,1
988,1635,989,2,1
988,1636,989,2,1
988,1645,989,2,1
988,1649,989,2,1
988,1651,989,2,1
988,1662,989,2,1
988,1666,989,2,1
988,1667,989,2,1
988,1670,989,2,1
988,1675,989,2,1
988,1679,989,2,1
988,1683,989,2,1
992,1618,970,0,3
998,1596,999,2,1
1004,1593,1026,3,0
1004,1598,1026,3,0
1004,1604,982,0,3
1004,1623,1026,3,0
1004,1638,1026,3,0
1004,1640,1026,3,0
1004,1648,1026,3,0
1004,1653,1026,3,0
1004,1658,1026,3,0
1004,1663,1026,3,0
1004,1664,1026,3,0
1004,1672,1026,3,0
1004,1676,982,0,3
1004,1678,1026,3,0
1010,1585,1011,2,1
1010,1586,1011,2,1
1010,1592,1011,2,1
1010,1594,1011,2,1
1010,1595,1011,2,1
1010,1597,1011,2,1
1010,1599,1011,2,1
1010,1603,1011,2,1
1010,1609,1011,2,1
1010,1622,1011,2,1
1010,1624,1011,2,1
1010,1625,1011,2,1
1010,1626,1011,2,1
1010,1627,1011,2,1
1010,1628,1011,2,1
1010,1629,1011,2,1
1010,1631,1011,2,1
1010,1633,1011,2,1
1010,1635,1011,2,1
1010,1636,1011,2,1
1010,1645,1011,2,1
1010,1649,1011,2,1
1010,1651,1011,2,1
1010,1662,1011,2,1
1010,1666,1011,2,1
1010,1667,1011,2,1
1010,1670,1011,2,1
1010,1675,1011,2,1
1010,1679,1011,2,1
1010,1683,1011,2,1
1014,1618,992,0,3
1020,1596,1021,2,1
1026,1593,1048,3,0
1026,1598,1048,3,0
1026,1604,1004,0,3
1026,1623,1048,3,0
1026,1638,1048,3,0
1026,1653,1048,3,0
1026,1663,1048,3,0
1026,1664,1048,3,0
1026,1672,1048,3,0
1026,1676,1004,0,3
1026,1678,1048,3,0
1032,1585,1033,2,1
1032,1586,1033,2,1
1032,1592,1033,2,1
1032,1594,1033,2,1
1032,1595,1033,2,1
1032,1597,1033,2,1
1032,1599,1033,2,1
1032,1603,1033,2,1
1032,1609,1033,2,1
1032,1622,1033,2,1
1032,1624,1033,2,1
1032,1625,1033,2,1
1032,1626,1033,2,1
1032,1627,1033,2,1
1032,1628,1033,2,1
1032,1629,1033,2,1
1032,1631,1033,2,1
1032,1633,1033,2,1
1032,1635,1033,2,1
1032,1636,1033,2,1
1032,1641,1033,2,1
1032,1645,1033,2,1
1032,1649,1033,2,1
1032,1651,1033,2,1
1032,1662,1033,2,1
1032,1666,1033,2,1
1032,1667,1033,2,1
1032,1670,1033,2,1
1032,1675,1033,2,1
1032,1679,1033,2,1
1032,1683,1033,2,1
1036,1618,1014,0,3
1042,1596,1043,2,1
1048,1598,1070,3,0
1048,1604,1026,0,3
1048,1623,1070,3,0
1048,1638,1070,3,0
1048,1653,1070,3,0
1048,1663,1070,3,0
1048,1664,1070,3,0
1048,1672,1070,3,0
1048,1676,1026,0,3
1048,1678,1070,3,0
1054,1585,1055,2,1
1054,1586,1055,2,1
1054,1592,1055,2,1
1054,1594,1055,2,1
1054,1595,1055,2,1
1054,1597,1055,2,1
1054,1599,1055,2,1
1054,1603,1055,2,1
1054,1609,1055,2,1
1054,1622,1055,2,1
1054,1624,1055,2,1
1054,1625,1055,2,1
1054,1626,1055,2,1
1054,1627,1055,2,1
1054,1628,1055,2,1
1054,1629,1055,2,1
1054,1631,1055,2,1
1054,1633,1055,2,1
1054,1635,1055,2,1
1054,1636,1055,2,1
1054,1641,1055,2,1
1054,1645,1055,2,1
1054,1649,1055,2,1
1054,1651,1055,2,1
1054,1662,1055,2,1
1054,1666,1055,2,1
1054,1667,1055,2,1
1054,1670,1055,2,1
1054,1675,1055,2,1
1054,1679,1055,2,1
1054,1683,1055,2,1
1058,1618,1036,0,3
1064,1596,1065,2,1
1070,1598,1092,3,0
1070,1604,1048,0,3
1070,1621,1048,0,3
1070,1623,1092,3,0
1070,1638,1092,3,0
1070,1653,1092,3,0
1070,1654,1048,0,3
1070,1663,1092,3,0
1070,1664,1092,3,0
1070,1676,1048,0,3
1076,1585,1077,2,1
1076,1586,1077,2,1
1076,1592,1077,2,1
1076,1594,1077,2,1
1076,1595,1077,2,1
1076,1597,1077,2,1
1076,1599,1077,2,1
1076,1603,1077,2,1
1076,1609,1077,2,1
1076,1622,1077,2,1
1076,1624,1077,2,1
1076,1625,1077,2,1
1076,1626,1077,2,1
1076,1627,1077,2,1
1076,1628,1077,2,1
1076,1629,1077,2,1
1076,1631,1077,2,1
1076,1633,1077,2,1
1076,1635,1077,2,1
1076,1636,1077,2,1
1076,1641,1077,2,1
1076,1645,1077,2,1
1076,1649,1077,2,1
1076,1651,1077,2,1
1076,1662,1077,2,1
1076,1666,1077,2,1
1076,1667,1077,2,1
1076,1670,1077,2,1
1076,1675,1077,2,1
1076,1679,1077,2,1
1076,1683,1077,2,1
1080,1618,1058,0,3
1086,1596,1087,2,1
1092,1598,1114,3,0
1092,1604,1070,0,3
1092,1621,1070,0,3
1092,1623,1114,3,0
1092,1638,1114,3,0
1092,1640,1070,0,3
1092,1653,1114,3,0
1092,1654,1070,0,3
1092,1663,1114,3,0
1092,1664,1114,3,0
1092,1676,1070,0,3
1092,1678,1070,0,3
1098,1585,1099,2,1
1098,1586,1099,2,1
1098,1592,1099,2,1
1098,1594,1099,2,1
1098,1595,1099,2,1
1098,1597,1099,2,1
1098,1599,1099,2,1
1098,1603,1099,2,1
1098,1609,1099,2,1
1098,1622,1099,2,1
1098,1624,1099,2,1
1098,1625,1099,2,1
1098,1626,1099,2,1
1098,1627,1099,2,1
1098,1628,1099,2,1
1098,1629,1099,2,1
1098,1631,1099,2,1
1098,1633,1099,2,1
1098,1635,1099,2,1
1098,1636,1099,2,1
1098,1641,1099,2,1
1098,1645,1099,2,1
1098,1646,1099,2,1
1098,1649,1099,2,1
1098,1651,1099,2,1
1098,1662,1099,2,1
1098,1666,1099,2,1
1098,1667,1099,2,1
1098,1670,1099,2,1
1098,1675,1099,2,1
1098,1679,1099,2,1
1098,1683,1099,2,1
1102,1618,1080,0,3
1108,1596,1109,2,1
1114,1598,1136,3,0
1114,1604,1092,0,3
1114,1621,1092,0,3
1114,1623,1136,3,0
1114,1638,1136,3,0
1114,1640,1092,0,3
1114,1648,1092,0,3
1114,1653,1136,3,0
1114,1654,1092,0,3
1114,1658,1092,0,3
1114,1663,1136,3,0
1114,1664,1136,3,0
1114,1676,1092,0,3
1114,1678,1092,0,3
1120,1585,1121,2,1
1120,1586,1121,2,1
1120,1592,1121,2,1
1120,1594,1121,2,1
1120,1595,1121,2,1
1120,1597,1121,2,1
1120,1599,1121,2,1
1120,1603,1121,2,1
1120,1609,1121,2,1
1120,1622,1121,2,1
1120,1624,1121,2,1
1120,1625,1121,2,1
1120,1626,1121,2,1
1120,1627,1121,2,1
1120,1628,1121,2,1
1120,1629,1121,2,1
1120,1631,1121,2,1
1120,1633,1121,2,1
1120,1635,1121,2,1
1120,1636,1121,2,1
1120,1641,1121,2,1
1120,1645,1121,2,1
1120,1646,1121,2,1
1120,1649,1121,2,1
1120,1651,1121,2,1
1120,1662,1121,2,1
1120,1666,1121,2,1
1120,1667,1121,2,1
1120,1670,1121,2,1
1120,1675,1121,2,1
1120,1679,1121,2,1
1120,1683,1121,2,1
1124,1618,1102,0,3
1124,1634,1146,3,0
1130,1596,1131,2,1
1136,1593,1114,0,3
1136,1598,1158,3,0
1136,1604,1114,0,3
1136,1621,1114,0,3
1136,1623,1158,3,0
1136,1638,1158,3,0
1136,1640,1114,0,3
1136,1648,1114,0,3
1136,1653,1158,3,0
1136,1654,1114,0,3
1136,1658,1114,0,3
1136,1663,1158,3,0
1136,1664,1158,3,0
1136,1672,1114,0,3
1136,1676,1114,0,3
1136,1678,1114,0,3
1142,1585,1143,2,1
1142,1586,1143,2,1
1142,1592,1143,2,1
1142,1594,1143,2,1
1142,1595,1143,2,1
1142,1597,1143,2,1
1142,1599,1143,2,1
1142,1603,1143,2,1
1142,1609,1143,2,1
1142,1622,1143,2,1
1142,1624,1143,2,1
1142,1625,1143,2,1
1142,1626,1143,2,1
1142,1627,1143,2,1
1142,1628,1143,2,1
1142,1629,1143,2,1
1142,1631,1143,2,1
1142,1633,1143,2,1
1142,1635,1143,2,1
1142,1636,1143,2,1
1142,1641,1143,2,1
1142,1645,1143,2,1
1142,1646,1143,2,1
1142,1649,1143,2,1
1142,1651,1143,2,1
1142,1662,1143,2,1
1142,1666,1143,2,1
1142,1667,1143,2,1
1142,1670,1143,2,1
1142,1675,1143,2,1
1142,1679,1143,2,1
1142,1683,1143,2,1
1146,1618,1124,0,3
1146,1634,1168,3,0
1152,1596,1153,2,1
1158,1593,1136,0,3
1158,1598,1180,3,0
1158,1604,1136,0,3
1158,1621,1136,0,3
1158,1623,1180,3,0
1158,1638,1180,3,0
1158,1639,1180,3,0
1158,1648,1136,0,3
1158,1653,1180,3,0
1158,1654,1136,0,3
1158,1658,1136,0,3
1158,1663,1180,3,0
1158,1664,1180,3,0
1158,1672,1136,0,3
1158,1676,1136,0,3
1164,1585,1165,2,1
1164,1586,1165,2,1
1164,1592,1165,2,1
1164,1594,1165,2,1
1164,1595,1165,2,1
1164,1597,1165,2,1
1164,1599,1165,2,1
1164,1603,1165,2,1
1164,1609,1165,2,1
1164,1622,1165,2,1
1164,1624,1165,2,1
1164,1625,1165,2,1
1164,1626,1165,2,1
1164,1627,1165,2,1
1164,1628,1165,2,1
1164,1629,1165,2,1
1164,1631,1165,2,1
1164,1633,1165,2,1
1164,1635,1165,2,1
1164,1636,1165,2,1
1164,1641,1165,2,1
1164,1645,1165,2,1
1164,1646,1165,2,1
1164,1649,1165,2,1
1164,1651,1165,2,1
1164,1662,1165,2,1
1164,1666,1165,2,1
1164,1667,1165,2,1
1164,1670,1165,2,1
1164,1675,1165,2,1
1164,1679,1165,2,1
1164,1683,1165,2,1
1168,1618,1146,0,3
1168,1634,1190,3,0
1174,1596,1175,2,1
1180,1593,1158,0,3
1180,1598,1202,3,0
1180,1604,1158,0,3
1180,1607,1202,3,0
1180,1621,1158,0,3
1180,1623,1202,3,0
1180,1638,1202,3,0
1180,1639,1202,3,0
1180,1648,1158,0,3
1180,1653,1202,3,0
1180,1654,1158,0,3
1180,1658,1158,0,3
1180,1663,1202,3,0
1180,1664,1202,3,0
1180,1671,1202,3,0
1180,1672,1158,0,3
1180,1676,1158,0,3
1180,1677,1202,3,0
1186,1585,1187,2,1
1186,1586,1187,2,1
1186,1592,1187,2,1
1186,1594,1187,2,1
1186,1595,1187,2,1
1186,1597,1187,2,1
1186,1599,1187,2,1
1186,1603,1187,2,1
1186,1609,1187,2,1
1186,1622,1187,2,1
1186,1624,1187,2,1
1186,1625,1187,2,1
1186,1626,1187,2,1
1186,1627,1187,2,1
1186,1628,1187,2,1
1186,1629,1187,2,1
1186,1631,1187,2,1
1186,1633,1187,2,1
1186,1635,1187,2,1
1186,1636,1187,2,1
1186,1641,1187,2,1
1186,1645,1187,2,1
1186,1646,1187,2,1
1186,1649,1187,2,1
1186,1651,1187,2,1
1186,1662,1187,2,1
1186,1666,1187,2,1
1186,1667,1187,2,1
1186,1670,1187,2,1
1186,1675,1187,2,1
1186,1679,1187,2,1
1186,1683,1187,2,1
1190,1587,1212,3,0
1190,1618,1168,0,3
1190,1634,1212,3,0
1196,1596,1197,2,1
1202,1590,1224,3,0
1202,1593,1180,0,3
1202,1598,1224,3,0
1202,1604,1180,0,3
1202,1607,1224,3,0
1202,1621,1180,0,3
1202,1623,1224,3,0
1202,1638,1224,3,0
1202,1639,1224,3,0
1202,1648,1180,0,3
1202,1653,1224,3,0
1202,1654,1180,0,3
1202,1658,1180,0,3
1202,1663,1224,3,0
1202,1664,1224,3,0
1202,1665,1224,3,0
1202,1669,1224,3,0
1202,1671,1224,3,0
1202,1672,1180,0,3
1202,1676,1180,0,3
1202,1677,1224,3,0
1208,1585,1209,2,1
1208,1586,1209,2,1
1208,1592,1209,2,1
1208,1594,1209,2,1
1208,1595,1209,2,1
1208,1597,1209,2,1
1208,1599,1209,2,1
1208,1603,1209,2,1
1208,1609,1209,2,1
1208,1622,1209,2,1
1208,1624,1209,2,1
1208,1625,1209,2,1
1208,1626,1209,2,1
1208,1627,1209,2,1
1208,1628,1209,2,1
1208,1629,1209,2,1
1208,1631,1209,2,1
1208,1633,1209,2,1
1208,1635,1209,2,1
1208,1636,1209,2,1
1208,1641,1209,2,1
1208,1645,1209,2,1
1208,1646,1209,2,1
1208,1649,1209,2,1
1208,1651,1209,2,1
1208,1662,1209,2,1
1208,1666,1209,2,1
1208,1667,1209,2,1
1208,1670,1209,2,1
1208,1675,1209,2,1
1208,1679,1209,2,1
1208,1683,1209,2,1
1212,1587,1234,3,0
1212,1602,1234,3,0
1212,1618,1190,0,3
1212,1634,1234,3,0
1218,1596,1219,2,1
1224,1590,1246,3,0
1224,1593,1202,0,3
1224,1598,1246,3,0
1224,1604,1202,0,3
1224,1607,1246,3,0
1224,1615,1246,3,0
1224,1621,1202,0,3
1224,1623,1246,3,0
1224,1637,1246,3,0
1224,1638,1246,3,0
1224,1639,1246,3,0
1224,1648,1202,0,3
1224,1653,1246,3,0
1224,1654,1202,0,3
1224,1658,1202,0,3
1224,1663,1246,3,0
1224,1664,1246,3,0
1224,1665,1246,3,0
1224,1669,1246,3,0
1224,1671,1246,3,0
1224,1672,1202,0,3
1224,1676,1202,0,3
1224,1677,1246,3,0
1230,1585,1231,2,1
1230,1586,1231,2,1
1230,1594,1231,2,1
1230,1595,1231,2,1
1230,1597,1231,2,1
1230,1599,1231,2,1
1230,1603,1231,2,1
1230,1609,1231,2,1
1230,1622,1231,2,1
1230,1624,1231,2,1
1230,1625,1231,2,1
1230,1626,1231,2,1
1230,1627,1231,2,1
1230,1628,1231,2,1
1230,1629,1231,2,1
1230,1631,1231,2,1
1230,1633,1231,2,1
1230,1635,1231,2,1
1230,1636,1231,2,1
1230,1641,1231,2,1
1230,1645,1231,2,1
1230,1646,1231,2,1
1230,1649,1231,2,1
1230,1651,1231,2,1
1230,1666,1231,2,1
1230,1667,1231,2,1
1230,1670,1231,2,1
1230,1675,1231,2,1
1230,1679,1231,2,1
1230,1683,1231,2,1
1234,1587,1256,3,0
1234,1602,1256,3,0
1234,1618,1212,0,3
1234,1634,1256,3,0
1240,1596,1241,2,1
1246,1590,1268,3,0
1246,1593,1224,0,3
1246,1598,1268,3,0
1246,1604,1224,0,3
1246,1607,1268,3,0
1246,1615,1268,3,0
1246,1623,1268,3,0
1246,1637,1268,3,0
1246,1638,1268,3,0
1246,1639,1268,3,0
1246,1648,1224,0,3
1246,1653,1268,3,0
1246,1654,1224,0,3
1246,1658,1224,0,3
1246,1663,1268,3,0
1246,1664,1268,3,0
1246,1665,1268,3,0
1246,1669,1268,3,0
1246,1671,1268,3,0
1246,1676,1224,0,3
1246,1677,1268,3,0
1252,1585,1253,2,1
1252,1586,1253,2,1
1252,1594,1253,2,1
1252,1595,1253,2,1
1252,1597,1253,2,1
1252,1599,1253,2,1
1252,1603,1253,2,1
1252,1609,1253,2,1
1252,1622,1253,2,1
1252,1624,1253,2,1
1252,1625,1253,2,1
1252,1626,1253,2,1
1252,1627,1253,2,1
1252,1628,1253,2,1
1252,1629,1253,2,1
1252,1631,1253,2,1
1252,1633,1253,2,1
1252,1635,1253,2,1
1252,1636,1253,2,1
1252,1641,1253,2,1
1252,1645,1253,2,1
1252,1646,1253,2,1
1252,1649,1253,2,1
1252,1651,1253,2,1
1252,1666,1253,2,1
1252,1667,1253,2,1
1252,1670,1253,2,1
1252,1675,1253,2,1
1252,1679,1253,2,1
1252,1683,1253,2,1
1256,1587,1278,3,0
1256,1602,1278,3,0
1256,1634,1278,3,0
1262,1596,1263,2,1
1262,1673,1263,2,1
1268,1590,1290,3,0
1268,1591,1290,3,0
1268,1593,1246,0,3
1268,1598,1290,3,0
1268,1604,1246,0,3
1268,1607,1290,3,0
1268,1615,1290,3,0
1268,1617,1290,3,0
1268,1623,1290,3,0
1268,1637,1290,3,0
1268,1638,1290,3,0
1268,1639,1290,3,0
1268,1648,1246,0,3
1268,1653,1290,3,0
1268,1654,1246,0,3
1268,1658,1246,0,3
1268,1663,1290,3,0
1268,1664,1290,3,0
1268,1665,1290,3,0
1268,1669,1290,3,0
1268,1671,1290,3,0
1268,1676,1246,0,3
1268,1677,1290,3,0
1274,1585,1275,2,1
1274,1586,1275,2,1
1274,1594,1275,2,1
1274,1595,1275,2,1
1274,1597,1275,2,1
1274,1599,1275,2,1
1274,1603,1275,2,1
1274,1609,1275,2,1
1274,1622,1275,2,1
1274,1624,1275,2,1
1274,1625,1275,2,1
1274,1626,1275,2,1
1274,1627,1275,2,1
1274,1628,1275,2,1
1274,1629,1275,2,1
1274,1631,1275,2,1
1274,1635,1275,2,1
1274,1636,1275,2,1
1274,1641,1275,2,1
1274,1645,1275,2,1
1274,1646,1275,2,1
1274,1649,1275,2,1
1274,1651,1275,2,1
1274,1666,1275,2,1
1274,1667,1275,2,1
1274,1670,1275,2,1
1274,1679,1275,2,1
1274,1683,1275,2,1
1278,1587,1300,3,0
1278,1602,1300,3,0
1278,1634,1300,3,0
1284,1596,1285,2,1
1284,1668,1285,2,1
1284,1673,1285,2,1
1290,1584,1312,3,0
1290,1590,1312,3,0
1290,1591,1312,3,0
1290,1593,1268,0,3
1290,1598,1312,3,0
1290,1604,1268,0,3
1290,1607,1312,3,0
1290,1615,1312,3,0
1290,1617,1312,3,0
1290,1623,1312,3,0
1290,1637,1312,3,0
1290,1638,1312,3,0
1290,1639,1312,3,0
1290,1648,1268,0,3
1290,1653,1312,3,0
1290,1654,1268,0,3
1290,1658,1268,0,3
1290,1663,1312,3,0
1290,1664,1312,3,0
1290,1665,1312,3,0
1290,1669,1312,3,0
1290,1671,1312,3,0
1290,1676,1268,0,3
1290,1677,1312,3,0
1296,1585,1297,2,1
1296,1586,1297,2,1
1296,1594,1297,2,1
1296,1595,1297,2,1
1296,1597,1297,2,1
1296,1599,1297,2,1
1296,1603,1297,2,1
1296,1609,1297,2,1
1296,1622,1297,2,1
1296,1624,1297,2,1
1296,1625,1297,2,1
1296,1626,1297,2,1
1296,1627,1297,2,1
1296,1628,1297,2,1
1296,1629,1297,2,1
1296,1631,1297,2,1
1296,1635,1297,2,1
1296,1636,1297,2,1
1296,1641,1297,2,1
1296,1645,1297,2,1
1296,1646,1297,2,1
1296,1649,1297,2,1
1296,1651,1297,2,1
1296,1666,1297,2,1
1296,1667,1297,2,1
1296,1670,1297,2,1
1296,1679,1297,2,1
1296,1683,1297,2,1
1300,1587,1322,3,0
1300,1602,1322,3,0
1300,1634,1322,3,0
1306,1596,1307,2,1
1306,1668,1307,2,1
1306,1673,1307,2,1
1312,1584,1334,3,0
1312,1590,1334,3,0
1312,1591,1334,3,0
1312,1593,1290,0,3
1312,1598,1334,3,0
1312,1604,1290,0,3
1312,1607,1334,3,0
1312,1615,1334,3,0
1312,1617,1334,3,0
1312,1623,1334,3,0
1312,1637,1334,3,0
1312,1638,1334,3,0
1312,1639,1334,3,0
1312,1648,1290,0,3
1312,1653,1334,3,0
1312,1654,1290,0,3
1312,1658,1290,0,3
1312,1663,1334,3,0
1312,1664,1334,3,0
1312,1665,1334,3,0
1312,1669,1334,3,0
1312,1671,1334,3,0
1312,1676,1290,0,3
1312,1677,1334,3,0
1318,1585,1319,2,1
1318,1586,1319,2,1
1318,1594,1319,2,1
1318,1595,1319,2,1
1318,1597,1319,2,1
1318,1599,1319,2,1
1318,1603,1319,2,1
1318,1609,1319,2,1
1318,1622,1319,2,1
1318,1624,1319,2,1
1318,1625,1319,2,1
1318,1626,1319,2,1
1318,1627,1319,2,1
1318,1628,1319,2,1
1318,1629,1319,2,1
1318,1631,1319,2,1
1318,1635,1319,2,1
1318,1641,1319,2,1
1318,1645,1319,2,1
1318,1646,1319,2,1
1318,1649,1319,2,1
1318,1651,1319,2,1
1318,1666,1319,2,1
1318,1667,1319,2,1
1318,1670,1319,2,1
1318,1679,1319,2,1
1318,1683,1319,2,1
1322,1587,1344,3,0
1322,1602,1344,3,0
1322,1634,1344,3,0
1328,1596,1329,2,1
1328,1668,1329,2,1
1328,1673,1329,2,1
1334,1584,1356,3,0
1334,1590,1356,3,0
1334,1591,1356,3,0
1334,1593,1312,0,3
1334,1598,1356,3,0
1334,1604,1312,0,3
1334,1607,1356,3,0
1334,1615,1356,3,0
1334,1617,1356,3,0
1334,1623,1356,3,0
1334,1637,1356,3,0
1334,1638,1356,3,0
1334,1639,1356,3,0
1334,1648,1312,0,3
1334,1653,1356,3,0
1334,1654,1312,0,3
1334,1658,1312,0,3
1334,1663,1356,3,0
1334,1664,1356,3,0
1334,1665,1356,3,0
1334,1669,1356,3,0
1334,1671,1356,3,0
1334,1676,1312,0,3
1334,1677,1356,3,0
1340,1585,1341,2,1
1340,1586,1341,2,1
1340,1594,1341,2,1
1340,1595,1341,2,1
1340,1597,1341,2,1
1340,1599,1341,2,1
1340,1603,1341,2,1
1340,1609,1341,2,1
1340,1622,1341,2,1
1340,1624,1341,2,1
1340,1625,1341,2,1
1340,1626,1341,2,1
1340,1627,1341,2,1
1340,1628,1341,2,1
1340,1629,1341,2,1
1340,1631,1341,2,1
1340,1635,1341,2,1
1340,1641,1341,2,1
1340,1645,1341,2,1
1340,1646,1341,2,1
1340,1649,1341,2,1
1340,1651,1341,2,1
1340,1666,1341,2,1
1340,1667,1341,2,1
1340,1670,1341,2,1
1340,1679,1341,2,1
1340,1683,1341,2,1
1344,1587,1366,3,0
1344,1602,1366,3,0
1344,1634,1366,3,0
1350,1596,1351,2,1
1350,1668,1351,2,1
1350,1673,1351,2,1
1356,1584,1378,3,0
1356,1590,1378,3,0
1356,1591,1378,3,0
1356,1598,1378,3,0
1356,1607,1378,3,0
1356,1615,1378,3,0
1356,1617,1378,3,0
1356,1623,1378,3,0
1356,1637,1378,3,0
1356,1639,1378,3,0
1356,1648,1334,0,3
1356,1653,1378,3,0
1356,1654,1334,0,3
1356,1658,1334,0,3
1356,1663,1378,3,0
1356,1664,1378,3,0
1356,1665,1378,3,0
1356,1669,1378,3,0
1356,1671,1378,3,0
1356,1676,1334,0,3
1356,1677,1378,3,0
1362,1585,1363,2,1
1362,1586,1363,2,1
1362,1594,1363,2,1
1362,1595,1363,2,1
1362,1597,1363,2,1
1362,1599,1363,2,1
1362,1603,1363,2,1
1362,1609,1363,2,1
1362,1622,1363,2,1
1362,1624,1363,2,1
1362,1625,1363,2,1
1362,1626,1363,2,1
1362,1627,1363,2,1
1362,1628,1363,2,1
1362,1629,1363,2,1
1362,1631,1363,2,1
1362,1635,1363,2,1
1362,1641,1363,2,1
1362,1645,1363,2,1
1362,1646,1363,2,1
1362,1649,1363,2,1
1362,1651,1363,2,1
1362,1666,1363,2,1
1362,1667,1363,2,1
1362,1670,1363,2,1
1362,1679,1363,2,1
1362,1683,1363,2,1
1366,1587,1388,3,0
1366,1602,1388,3,0
1366,1634,1388,3,0
1372,1596,1373,2,1
1372,1668,1373,2,1
1372,1673,1373,2,1
1378,1584,1400,3,0
1378,1590,1400,3,0
1378,1591,1400,3,0
1378,1598,1400,3,0
1378,1607,1400,3,0
1378,1615,1400,3,0
1378,1617,1400,3,0
1378,1623,1400,3,0
1378,1637,1400,3,0
1378,1639,1400,3,0
1378,1648,1356,0,3
1378,1654,1356,0,3
1378,1658,1356,0,3
1378,1663,1400,3,0
1378,1664,1400,3,0
1378,1665,1400,3,0
1378,1669,1400,3,0
1378,1671,1400,3,0
1378,1677,1400,3,0
1384,1585,1385,2,1
1384,1586,1385,2,1
1384,1594,1385,2,1
1384,1595,1385,2,1
1384,1597,1385,2,1
1384,1599,1385,2,1
1384,1603,1385,2,1
1384,1609,1385,2,1
1384,1622,1385,2,1
1384,1624,1385,2,1
1384,1625,1385,2,1
1384,1626,1385,2,1
1384,1627,1385,2,1
1384,1628,1385,2,1
1384,1629,1385,2,1
1384,1631,1385,2,1
1384,1635,1385,2,1
1384,1641,1385,2,1
1384,1645,1385,2,1
1384,1646,1385,2,1
1384,1649,1385,2,1
1384,1651,1385,2,1
1384,1666,1385,2,1
1384,1667,1385,2,1
1384,1670,1385,2,1
1384,1676,1385,2,1
1384,1679,1385,2,1
1384,1683,1385,2,1
1388,1587,1410,3,0
1388,1602,1410,3,0
1388,1634,1410,3,0
1394,1596,1395,2,1
1394,1668,1395,2,1
1394,1673,1395,2,1
1400,1584,1422,3,0
1400,1590,1422,3,0
1400,1591,1422,3,0
1400,1598,1422,3,0
1400,1607,1422,3,0
1400,1615,1422,3,0
1400,1617,1422,3,0
1400,1623,1422,3,0
1400,1637,1422,3,0
1400,1639,1422,3,0
1400,1654,1378,0,3
1400,1658,1378,0,3
1400,1663,1422,3,0
1400,1664,1422,3,0
1400,1665,1422,3,0
1400,1669,1422,3,0
1400,1671,1422,3,0
1400,1677,1422,3,0
1406,1585,1407,2,1
1406,1586,1407,2,1
1406,1594,1407,2,1
1406,1597,1407,2,1
1406,1599,1407,2,1
1406,1603,1407,2,1
1406,1609,1407,2,1
1406,1624,1407,2,1
1406,1625,1407,2,1
1406,1626,1407,2,1
1406,1627,1407,2,1
1406,1628,1407,2,1
1406,1629,1407,2,1
1406,1631,1407,2,1
1406,1635,1407,2,1
1406,1641,1407,2,1
1406,1645,1407,2,1
1406,1646,1407,2,1
1406,1649,1407,2,1
1406,1651,1407,2,1
1406,1666,1407,2,1
1406,1667,1407,2,1
1406,1670,1407,2,1
1406,1676,1407,2,1
1406,1679,1407,2,1
1406,1683,1407,2,1
1410,1587,1432,3,0
1410,1602,1432,3,0
1410,1634,1432,3,0
1416,1596,1417,2,1
1416,1668,1417,2,1
1416,1673,1417,2,1
1422,1584,1444,3,0
1422,1590,1444,3,0
1422,1591,1444,3,0
1422,1598,1444,3,0
1422,1607,1444,3,0
1422,1615,1444,3,0
1422,1617,1444,3,0
1422,1623,1444,3,0
1422,1637,1444,3,0
1422,1639,1444,3,0
1422,1654,1400,0,3
1422,1658,1400,0,3
1422,1663,1444,3,0
1422,1664,1444,3,0
1422,1665,1444,3,0
1422,1669,1444,3,0
1422,1671,1444,3,0
1422,1677,1444,3,0
1428,1585,1429,2,1
1428,1586,1429,2,1
1428,1594,1429,2,1
1428,1597,1429,2,1
1428,1599,1429,2,1
1428,1603,1429,2,1
1428,1609,1429,2,1
1428,1624,1429,2,1
1428,1625,1429,2,1
1428,1626,1429,2,1
1428,1627,1429,2,1
1428,1629,1429,2,1
1428,1631,1429,2,1
1428,1635,1429,2,1
1428,1641,1429,2,1
1428,1646,1429,2,1
1428,1649,1429,2,1
1428,1651,1429,2,1
1428,1666,1429,2,1
1428,1667,1429,2,1
1428,1670,1429,2,1
1428,1676,1429,2,1
1428,1679,1429,2,1
1428,1683,1429,2,1
1432,1587,1454,3,0
1432,1602,1454,3,0
1432,1634,1454,3,0
1438,1596,1439,2,1
1438,1668,1439,2,1
1438,1673,1439,2,1
1444,1584,1466,3,0
1444,1590,1466,3,0
1444,1591,1466,3,0
1444,1598,1466,3,0
1444,1607,1466,3,0
1444,1615,1466,3,0
1444,1617,1466,3,0
1444,1623,1466,3,0
1444,1637,1466,3,0
1444,1638,1422,0,3
1444,1639,1466,3,0
1444,1654,1422,0,3
1444,1658,1422,0,3
1444,1663,1466,3,0
1444,1664,1466,3,0
1444,1665,1466,3,0
1444,1669,1466,3,0
1444,1671,1466,3,0
1444,1677,1466,3,0
1450,1586,1451,2,1
1450,1594,1451,2,1
1450,1597,1451,2,1
1450,1599,1451,2,1
1450,1603,1451,2,1
1450,1609,1451,2,1
1450,1624,1451,2,1
1450,1625,1451,2,1
1450,1626,1451,2,1
1450,1627,1451,2,1
1450,1629,1451,2,1
1450,1631,1451,2,1
1450,1635,1451,2,1
1450,1641,1451,2,1
1450,1644,1451,2,1
1450,1646,1451,2,1
1450,1649,1451,2,1
1450,1651,1451,2,1
1450,1666,1451,2,1
1450,1667,1451,2,1
1450,1670,1451,2,1
1450,1679,1451,2,1
1450,1683,1451,2,1
1454,1587,1476,3,0
1454,1602,1476,3,0
1454,1634,1476,3,0
1460,1596,1461,2,1
1460,1668,1461,2,1
1460,1673,1461,2,1
1466,1584,1488,3,0
1466,1590,1488,3,0
1466,1591,1488,3,0
1466,1598,1488,3,0
1466,1607,1488,3,0
1466,1615,1488,3,0
1466,1617,1488,3,0
1466,1623,1488,3,0
1466,1637,1488,3,0
1466,1638,1444,0,3
1466,1639,1488,3,0
1466,1653,1444,0,3
1466,1654,1444,0,3
1466,1663,1488,3,0
1466,1664,1488,3,0
1466,1665,1488,3,0
1466,1669,1488,3,0
1466,1671,1488,3,0
1466,1677,1488,3,0
1472,1586,1473,2,1
1472,1594,1473,2,1
1472,1597,1473,2,1
1472,1599,1473,2,1
1472,1603,1473,2,1
1472,1609,1473,2,1
1472,1624,1473,2,1
1472,1625,1473,2,1
1472,1626,1473,2,1
1472,1627,1473,2,1
1472,1629,1473,2,1
1472,1631,1473,2,1
1472,1635,1473,2,1
1472,1641,1473,2,1
1472,1644,1473,2,1
1472,1646,1473,2,1
1472,1649,1473,2,1
1472,1651,1473,2,1
1472,1666,1473,2,1
1472,1670,1473,2,1
1472,1679,1473,2,1
1472,1683,1473,2,1
1476,1587,1498,3,0
1476,1602,1498,3,0
1476,1634,1498,3,0
1482,1596,1483,2,1
1482,1668,1483,2,1
1482,1673,1483,2,1
1488,1584,1510,3,0
1488,1590,1510,3,0
1488,1591,1510,3,0
1488,1607,1510,3,0
1488,1615,1510,3,0
1488,1617,1510,3,0
1488,1623,1510,3,0
1488,1637,1510,3,0
1488,1638,1466,0,3
1488,1639,1510,3,0
1488,1653,1466,0,3
1488,1663,1510,3,0
1488,1664,1510,3,0
1488,1665,1510,3,0
1488,1669,1510,3,0
1488,1671,1510,3,0
1488,1677,1510,3,0
1494,1586,1495,2,1
1494,1594,1495,2,1
1494,1599,1495,2,1
1494,1603,1495,2,1
1494,1609,1495,2,1
1494,1624,1495,2,1
1494,1625,1495,2,1
1494,1626,1495,2,1
1494,1627,1495,2,1
1494,1629,1495,2,1
1494,1631,1495,2,1
1494,1635,1495,2,1
1494,1641,1495,2,1
1494,1644,1495,2,1
1494,1646,1495,2,1
1494,1649,1495,2,1
1494,1651,1495,2,1
1494,1666,1495,2,1
1494,1670,1495,2,1
1494,1676,1495,2,1
1494,1679,1495,2,1
1494,1683,1495,2,1
1498,1587,1520,3,0
1498,1602,1520,3,0
1498,1634,1520,3,0
1504,1596,1505,2,1
1504,1668,1505,2,1
1504,1673,1505,2,1
1510,1584,1532,3,0
1510,1590,1532,3,0
1510,1591,1532,3,0
1510,1607,1532,3,0
1510,1615,1532,3,0
1510,1617,1532,3,0
1510,1623,1532,3,0
1510,1637,1532,3,0
1510,1638,1488,0,3
1510,1639,1532,3,0
1510,1653,1488,0,3
1510,1664,1532,3,0
1510,1665,1532,3,0
1510,1669,1532,3,0
1510,1671,1532,3,0
1510,1677,1532,3,0
1516,1586,1517,2,1
1516,1599,1517,2,1
1516,1603,1517,2,1
1516,1609,1517,2,1
1516,1624,1517,2,1
1516,1625,1517,2,1
1516,1626,1517,2,1
1516,1627,1517,2,1
1516,1629,1517,2,1
1516,1631,1517,2,1
1516,1635,1517,2,1
1516,1641,1517,2,1
1516,1649,1517,2,1
1516,1651,1517,2,1
1516,1670,1517,2,1
1516,1676,1517,2,1
1516,1679,1517,2,1
1516,1683,1517,2,1
1520,1587,1542,3,0
1520,1602,1542,3,0
1520,1618,1542,3,0
1520,1634,1542,3,0
1526,1596,1527,2,1
1526,1668,1527,2,1
1526,1673,1527,2,1
1532,1584,1554,3,0
1532,1590,1554,3,0
1532,1591,1554,3,0
1532,1607,1554,3,0
1532,1615,1554,3,0
1532,1617,1554,3,0
1532,1623,1554,3,0
1532,1637,1554,3,0
1532,1638,1510,0,3
1532,1639,1554,3,0
1532,1653,1510,0,3
1532,1664,1554,3,0
1532,1665,1554,3,0
1532,1669,1554,3,0
1532,1671,1554,3,0
1532,1677,1554,3,0
1538,1586,1539,2,1
1538,1599,1539,2,1
1538,1603,1539,2,1
1538,1609,1539,2,1
1538,1624,1539,2,1
1538,1625,1539,2,1
1538,1626,1539,2,1
1538,1627,1539,2,1
1538,1629,1539,2,1
1538,1631,1539,2,1
1538,1635,1539,2,1
1538,1641,1539,2,1
1538,1649,1539,2,1
1538,1651,1539,2,1
1538,1654,1539,2,1
1538,1670,1539,2,1
1538,1676,1539,2,1
1538,1679,1539,2,1
1538,1683,1539,2,1
1542,1587,1564,3,0
1542,1602,1564,3,0
1542,1618,1564,3,0
1542,1634,1564,3,0
1548,1596,1549,2,1
1548,1668,1549,2,1
1548,1673,1549,2,1
1554,1584,1576,3,0
1554,1590,1576,3,0
1554,1591,1576,3,0
1554,1607,1576,3,0
1554,1615,1576,3,0
1554,1617,1576,3,0
1554,1623,1576,3,0
1554,1637,1576,3,0
1554,1638,1532,0,3
1554,1639,1576,3,0
1554,1653,1532,0,3
1554,1664,1576,3,0
1554,1665,1576,3,0
1554,1669,1576,3,0
1554,1671,1576,3,0
1554,1677,1576,3,0
1560,1586,1561,2,1
1560,1603,1561,2,1
1560,1609,1561,2,1
1560,1624,1561,2,1
1560,1626,1561,2,1
1560,1627,1561,2,1
1560,1629,1561,2,1
1560,1631,1561,2,1
1560,1635,1561,2,1
1560,1644,1561,2,1
1560,1649,1561,2,1
1560,1651,1561,2,1
1560,1654,1561,2,1
1560,1667,1561,2,1
1560,1670,1561,2,1
1560,1675,1561,2,1
1560,1676,1561,2,1
1560,1679,1561,2,1
1564,1587,2,3,3
1564,1602,2,3,3
1564,1618,2,3,3
1564,1634,2,3,3
1570,1668,1571,2,1
1570,1673,1571,2,1
1576,1584,14,3,3
1576,1590,14,3,3
1576,1591,14,3,3
1576,1598,1554,0,3
1576,1607,14,3,3
1576,1615,14,3,3
1576,1617,14,3,3
1576,1623,14,3,3
1576,1637,14,3,3
1576,1638,1554,0,3
1576,1639,14,3,3
1576,1653,1554,0,3
1576,1664,14,3,3
1576,1665,14,3,3
1576,1669,14,3,3
1576,1671,14,3,3
1576,1677,14,3,3
1582,1586,1583,2,1
1582,1603,1583,2,1
1582,1609,1583,2,1
1582,1624,1583,2,1
1582,1626,1583,2,1
1582,1627,1583,2,1
1582,1629,1583,2,1
1582,1631,1583,2,1
1582,1635,1583,2,1
1582,1636,1583,2,1
1582,1644,1583,2,1
1582,1646,1583,2,1
1582,1649,1583,2,1
1582,1651,1583,2,1
1582,1667,1583,2,1
1582,1670,1583,2,1
1582,1675,1583,2,1
1582,1676,1583,2,1
1582,1679,1583,2,1
1588,1612,727,0,4
1590,1652,425,0,4
1601,1619,903,0,4
1601,1661,903,0,4
1606,1656,1331,0,4
1610,1656,967,0,4
1612,1588,727,0,4
1612,1630,76,0,4
1614,1619,771,0,4
1616,1647,132,0,4
1616,1659,132,0,4
1619,1601,859,0,4
1619,1614,815,0,4
1619,1642,815,0,4
1620,1630,771,0,4
1620,1642,727,0,4
1622,1651,162,0,4
1630,1612,142,0,4
1630,1620,837,0,4
1642,1619,749,0,4
1642,1620,727,0,4
1647,1616,880,0,4
1647,1659,880,0,4
1649,1665,360,0,4
1651,1622,316,0,4
1652,1590,425,0,4
1656,1606,1397,0,4
1656,1610,681,0,4
1659,1616,396,0,4
1659,1647,440,0,4
1661,1601,837,0,4
1665,1649,360,0,4
