5,1636,1567,3,3
6,1587,5,0,1
6,1596,5,0,1
6,1602,5,0,1
6,1613,5,0,1
6,1616,5,0,1
6,1634,5,0,1
6,1643,5,0,1
6,1674,5,0,1
6,1681,5,0,1
6,1682,5,0,1
13,1633,12,0,1
16,1587,38,2,0
16,1589,1578,3,3
16,1596,38,2,0
16,1602,38,2,0
16,1613,38,2,0
16,1616,38,2,0
16,1634,38,2,0
16,1640,1578,3,3
16,1643,38,2,0
16,1646,1578,3,3
16,1654,1578,3,3
16,1658,1578,3,3
16,1660,1578,3,3
16,1674,38,2,0
16,1681,38,2,0
16,1682,38,2,0
17,1584,16,0,1
17,1585,16,0,1
17,1586,16,0,1
17,1590,16,0,1
17,1591,16,0,1
17,1592,16,0,1
17,1594,16,0,1
17,1595,16,0,1
17,1597,16,0,1
17,1598,16,0,1
17,1599,16,0,1
17,1601,16,0,1
17,1603,16,0,1
17,1606,16,0,1
17,1607,16,0,1
17,1609,16,0,1
17,1610,16,0,1
17,1612,16,0,1
17,1614,16,0,1
17,1615,16,0,1
17,1617,16,0,1
17,1618,16,0,1
17,1619,16,0,1
17,1620,16,0,1
17,1622,16,0,1
17,1624,16,0,1
17,1625,16,0,1
17,1626,16,0,1
17,1627,16,0,1
17,1628,16,0,1
17,1629,16,0,1
17,1630,16,0,1
17,1631,16,0,1
17,1632,16,0,1
17,1633,16,0,1
17,1635,16,0,1
17,1636,16,0,1
17,1637,16,0,1
17,1639,16,0,1
17,1645,16,0,1
17,1647,16,0,1
17,1649,16,0,1
17,1650,16,0,1
17,1651,16,0,1
17,1652,16,0,1
17,1655,16,0,1
17,1656,16,0,1
17,1661,16,0,1
17,1662,16,0,1
17,1663,16,0,1
17,1664,16,0,1
17,1665,16,0,1
17,1666,16,0,1
17,1668,16,0,1
17,1669,16,0,1
17,1670,16,0,1
17,1671,16,0,1
17,1673,16,0,1
17,1675,16,0,1
17,1677,16,0,1
17,1679,16,0,1
17,1680,16,0,1
17,1683,16,0,1
27,1585,49,3,0
27,1588,49,3,0
27,1628,49,3,0
27,1636,5,0,2
27,1645,49,3,0
38,1587,60,3,0
38,1589,16,0,2
38,1593,16,0,2
38,1596,60,3,0
38,1602,60,3,0
38,1613,60,3,0
38,1616,60,3,0
38,1621,16,0,2
38,1634,60,3,0
38,1640,16,0,2
38,1643,60,3,0
38,1644,16,0,2
38,1646,16,0,2
38,1648,16,0,2
38,1654,16,0,2
38,1658,16,0,2
38,1660,16,0,2
38,1667,16,0,2
38,1672,16,0,2
38,1674,60,3,0
38,1678,16,0,2
38,1681,60,3,0
38,1682,60,3,0
39,1584,38,1,2
39,1585,38,1,2
39,1586,38,1,2
39,1590,38,1,2
39,1591,38,1,2
39,1592,38,1,2
39,1594,38,1,2
39,1597,38,1,2
39,1598,38,1,2
39,1599,38,1,2
39,1601,38,1,2
39,1603,38,1,2
39,1606,38,1,2
39,1607,38,1,2
39,1609,38,1,2
39,1610,38,1,2
39,1615,38,1,2
39,1617,38,1,2
39,1618,38,1,2
39,1619,38,1,2
39,1622,38,1,2
39,1624,38,1,2
39,1625,38,1,2
39,1626,38,1,2
39,1627,38,1,2
39,1628,38,1,2
39,1629,38,1,2
39,1630,38,1,2
39,1631,38,1,2
39,1632,38,1,2
39,1633,38,1,2
39,1635,38,1,2
39,1636,38,1,2
39,1637,38,1,2
39,1639,38,1,2
39,1645,38,1,2
39,1647,38,1,2
39,1649,38,1,2
39,1650,38,1,2
39,1651,38,1,2
39,1652,38,1,2
39,1655,38,1,2
39,1656,38,1,2
39,1661,38,1,2
39,1662,38,1,2
39,1663,38,1,2
39,1664,38,1,2
39,1665,38,1,2
39,1666,38,1,2
39,1668,38,1,2
39,1669,38,1,2
39,1670,38,1,2
39,1671,38,1,2
39,1673,38,1,2
39,1675,38,1,2
39,1677,38,1,2
39,1679,38,1,2
39,1680,38,1,2
39,1683,38,1,2
50,1587,49,1,2
50,1589,49,1,2
50,1593,49,1,2
50,1596,49,1,2
50,1602,49,1,2
50,1604,49,1,2
50,1613,49,1,2
50,1621,49,1,2
50,1634,49,1,2
50,1640,49,1,2
50,1641,49,1,2
50,1643,49,1,2
50,1644,49,1,2
50,1646,49,1,2
50,1648,49,1,2
50,1654,49,1,2
50,1658,49,1,2
50,1660,49,1,2
50,1667,49,1,2
50,1672,49,1,2
50,1674,49,1,2
50,1676,49,1,2
50,1678,49,1,2
50,1682,49,1,2
60,1587,82,3,0
60,1589,38,0,3
60,1593,38,0,3
60,1596,82,3,0
60,1602,82,3,0
60,1613,82,3,0
60,1616,82,3,0
60,1621,38,0,3
60,1634,82,3,0
60,1640,38,0,3
60,1641,38,0,3
60,1643,82,3,0
60,1644,38,0,3
60,1646,38,0,3
60,1648,38,0,3
60,1654,38,0,3
60,1658,38,0,3
60,1660,38,0,3
60,1667,38,0,3
60,1672,38,0,3
60,1674,82,3,0
60,1678,38,0,3
60,1681,82,3,0
60,1682,82,3,0
61,1584,60,1,2
61,1586,60,1,2
61,1588,60,1,2
61,1590,60,1,2
61,1591,60,1,2
61,1592,60,1,2
61,1594,60,1,2
61,1597,60,1,2
61,1598,60,1,2
61,1599,60,1,2
61,1601,60,1,2
61,1603,60,1,2
61,1606,60,1,2
61,1607,60,1,2
61,1609,60,1,2
61,1610,60,1,2
61,1615,60,1,2
61,1617,60,1,2
61,1618,60,1,2
61,1619,60,1,2
61,1624,60,1,2
61,1625,60,1,2
61,1626,60,1,2
61,1627,60,1,2
61,1629,60,1,2
61,1630,60,1,2
61,1631,60,1,2
61,1632,60,1,2
61,1633,60,1,2
61,1635,60,1,2
61,1636,60,1,2
61,1637,60,1,2
61,1639,60,1,2
61,1647,60,1,2
61,1649,60,1,2
61,1651,60,1,2
61,1652,60,1,2
61,1655,60,1,2
61,1656,60,1,2
61,1661,60,1,2
61,1662,60,1,2
61,1663,60,1,2
61,1664,60,1,2
61,1665,60,1,2
61,1666,60,1,2
61,1668,60,1,2
61,1669,60,1,2
61,1670,60,1,2
61,1671,60,1,2
61,1673,60,1,2
61,1675,60,1,2
61,1677,60,1,2
61,1679,60,1,2
61,1680,60,1,2
61,1683,60,1,2
72,1587,71,1,2
72,1596,71,1,2
72,1602,71,1,2
72,1613,71,1,2
72,1634,71,1,2
72,1643,71,1,2
72,1674,71,1,2
72,1682,71,1,2
82,1589,60,0,3
82,1593,60,0,3
82,1604,60,0,3
82,1616,104,3,0
82,1621,60,0,3
82,1640,60,0,3
82,1641,60,0,3
82,1644,60,0,3
82,1646,60,0,3
82,1648,60,0,3
82,1654,60,0,3
82,1658,60,0,3
82,1660,60,0,3
82,1667,60,0,3
82,1672,60,0,3
82,1676,60,0,3
82,1678,60,0,3
82,1681,104,3,0
83,1584,82,1,2
83,1586,82,1,2
83,1588,82,1,2
83,1590,82,1,2
83,1591,82,1,2
83,1592,82,1,2
83,1598,82,1,2
83,1599,82,1,2
83,1601,82,1,2
83,1603,82,1,2
83,1607,82,1,2
83,1609,82,1,2
83,1612,82,1,2
83,1615,82,1,2
83,1617,82,1,2
83,1618,82,1,2
83,1624,82,1,2
83,1625,82,1,2
83,1626,82,1,2
83,1627,82,1,2
83,1629,82,1,2
83,1631,82,1,2
83,1633,82,1,2
83,1635,82,1,2
83,1636,82,1,2
83,1637,82,1,2
83,1639,82,1,2
83,1642,82,1,2
83,1649,82,1,2
83,1651,82,1,2
83,1652,82,1,2
83,1655,82,1,2
83,1656,82,1,2
83,1662,82,1,2
83,1663,82,1,2
83,1665,82,1,2
83,1669,82,1,2
83,1670,82,1,2
83,1671,82,1,2
83,1675,82,1,2
83,1677,82,1,2
83,1679,82,1,2
83,1680,82,1,2
83,1683,82,1,2
94,1587,93,1,2
94,1596,93,1,2
94,1602,93,1,2
94,1613,93,1,2
94,1634,93,1,2
94,1643,93,1,2
94,1659,93,1,2
94,1674,93,1,2
94,1682,93,1,2
105,1584,104,1,2
105,1586,104,1,2
105,1588,104,1,2
105,1590,104,1,2
105,1591,104,1,2
105,1592,104,1,2
105,1595,104,1,2
105,1598,104,1,2
105,1599,104,1,2
105,1601,104,1,2
105,1603,104,1,2
105,1607,104,1,2
105,1609,104,1,2
105,1612,104,1,2
105,1614,104,1,2
105,1615,104,1,2
105,1617,104,1,2
105,1618,104,1,2
105,1620,104,1,2
105,1623,104,1,2
105,1624,104,1,2
105,1625,104,1,2
105,1626,104,1,2
105,1627,104,1,2
105,1629,104,1,2
105,1630,104,1,2
105,1631,104,1,2
105,1633,104,1,2
105,1635,104,1,2
105,1636,104,1,2
105,1637,104,1,2
105,1639,104,1,2
105,1642,104,1,2
105,1649,104,1,2
105,1651,104,1,2
105,1652,104,1,2
105,1655,104,1,2
105,1656,104,1,2
105,1662,104,1,2
105,1663,104,1,2
105,1665,104,1,2
105,1668,104,1,2
105,1669,104,1,2
105,1670,104,1,2
105,1671,104,1,2
105,1675,104,1,2
105,1677,104,1,2
105,1679,104,1,2
105,1680,104,1,2
105,1683,104,1,2
115,1588,93,0,3
115,1595,93,0,3
115,1598,93,0,3
115,1612,93,0,3
115,1614,93,0,3
115,1620,93,0,3
115,1623,93,0,3
115,1628,93,0,3
115,1642,93,0,3
115,1645,93,0,3
115,1663,93,0,3
116,1587,115,1,2
116,1596,115,1,2
116,1602,115,1,2
116,1613,115,1,2
116,1634,115,1,2
116,1638,115,1,2
116,1643,115,1,2
116,1659,115,1,2
116,1674,115,1,2
116,1682,115,1,2
127,1584,126,1,2
127,1586,126,1,2
127,1588,126,1,2
127,1590,126,1,2
127,1591,126,1,2
127,1592,126,1,2
127,1595,126,1,2
127,1598,126,1,2
127,1599,126,1,2
127,1601,126,1,2
127,1603,126,1,2
127,1607,126,1,2
127,1609,126,1,2
127,1612,126,1,2
127,1614,126,1,2
127,1615,126,1,2
127,1617,126,1,2
127,1620,126,1,2
127,1623,126,1,2
127,1624,126,1,2
127,1625,126,1,2
127,1626,126,1,2
127,1627,126,1,2
127,1629,126,1,2
127,1630,126,1,2
127,1631,126,1,2
127,1633,126,1,2
127,1635,126,1,2
127,1636,126,1,2
127,1637,126,1,2
127,1639,126,1,2
127,1642,126,1,2
127,1649,126,1,2
127,1651,126,1,2
127,1652,126,1,2
127,1655,126,1,2
127,1656,126,1,2
127,1662,126,1,2
127,1663,126,1,2
127,1665,126,1,2
127,1668,126,1,2
127,1669,126,1,2
127,1670,126,1,2
127,1671,126,1,2
127,1675,126,1,2
127,1677,126,1,2
127,1679,126,1,2
127,1680,126,1,2
127,1683,126,1,2
137,1585,115,0,3
137,1588,115,0,3
137,1595,115,0,3
137,1612,115,0,3
137,1614,115,0,3
137,1620,115,0,3
137,1623,115,0,3
137,1628,115,0,3
137,1632,115,0,3
137,1642,115,0,3
137,1645,115,0,3
138,1587,137,1,2
138,1596,137,1,2
138,1600,137,1,2
138,1602,137,1,2
138,1634,137,1,2
138,1638,137,1,2
138,1643,137,1,2
138,1653,137,1,2
138,1659,137,1,2
138,1674,137,1,2
138,1682,137,1,2
148,1587,170,3,0
148,1596,170,3,0
148,1600,170,3,0
148,1602,170,3,0
148,1608,170,3,0
148,1611,170,3,0
148,1634,170,3,0
148,1638,170,3,0
148,1643,170,3,0
148,1653,170,3,0
148,1659,170,3,0
148,1674,170,3,0
148,1681,126,0,3
148,1682,170,3,0
149,1584,148,1,2
149,1586,148,1,2
149,1588,148,1,2
149,1590,148,1,2
149,1591,148,1,2
149,1599,148,1,2
149,1601,148,1,2
149,1603,148,1,2
149,1607,148,1,2
149,1609,148,1,2
149,1612,148,1,2
149,1615,148,1,2
149,1617,148,1,2
149,1624,148,1,2
149,1625,148,1,2
149,1626,148,1,2
149,1627,148,1,2
149,1629,148,1,2
149,1631,148,1,2
149,1633,148,1,2
149,1635,148,1,2
149,1636,148,1,2
149,1637,148,1,2
149,1639,148,1,2
149,1642,148,1,2
149,1649,148,1,2
149,1651,148,1,2
149,1652,148,1,2
149,1656,148,1,2
149,1665,148,1,2
149,1669,148,1,2
149,1670,148,1,2
149,1671,148,1,2
149,1675,148,1,2
149,1677,148,1,2
149,1679,148,1,2
149,1680,148,1,2
149,1683,148,1,2
159,1585,137,0,3
159,1588,137,0,3
159,1595,137,0,3
159,1610,137,0,3
159,1612,137,0,3
159,1614,137,0,3
159,1620,137,0,3
159,1623,137,0,3
159,1628,137,0,3
159,1632,137,0,3
159,1642,137,0,3
159,1645,137,0,3
159,1647,137,0,3
159,1661,137,0,3
159,1664,137,0,3
160,1587,159,1,2
160,1596,159,1,2
160,1600,159,1,2
160,1602,159,1,2
160,1634,159,1,2
160,1643,159,1,2
160,1653,159,1,2
160,1659,159,1,2
160,1674,159,1,2
160,1682,159,1,2
170,1616,148,0,3
170,1681,148,0,3
171,1584,170,1,2
171,1585,170,1,2
171,1586,170,1,2
171,1588,170,1,2
171,1590,170,1,2
171,1591,170,1,2
171,1595,170,1,2
171,1599,170,1,2
171,1601,170,1,2
171,1603,170,1,2
171,1607,170,1,2
171,1609,170,1,2
171,1610,170,1,2
171,1612,170,1,2
171,1614,170,1,2
171,1615,170,1,2
171,1617,170,1,2
171,1620,170,1,2
171,1622,170,1,2
171,1623,170,1,2
171,1624,170,1,2
171,1625,170,1,2
171,1626,170,1,2
171,1627,170,1,2
171,1628,170,1,2
171,1629,170,1,2
171,1631,170,1,2
171,1632,170,1,2
171,1633,170,1,2
171,1635,170,1,2
171,1636,170,1,2
171,1637,170,1,2
171,1639,170,1,2
171,1642,170,1,2
171,1645,170,1,2
171,1647,170,1,2
171,1649,170,1,2
171,1651,170,1,2
171,1652,170,1,2
171,1656,170,1,2
171,1661,170,1,2
171,1664,170,1,2
171,1665,170,1,2
171,1669,170,1,2
171,1670,170,1,2
171,1671,170,1,2
171,1675,170,1,2
171,1677,170,1,2
171,1679,170,1,2
171,1683,170,1,2
173,1588,195,3,0
182,1587,181,1,2
182,1596,181,1,2
182,1600,181,1,2
182,1602,181,1,2
182,1606,181,1,2
182,1634,181,1,2
182,1643,181,1,2
182,1650,181,1,2
182,1653,181,1,2
182,1659,181,1,2
182,1674,181,1,2
182,1682,181,1,2
192,1589,170,0,3
192,1593,170,0,3
192,1604,170,0,3
192,1613,170,0,3
192,1616,170,0,3
192,1621,170,0,3
192,1640,170,0,3
192,1641,170,0,3
192,1644,170,0,3
192,1646,170,0,3
192,1648,170,0,3
192,1654,170,0,3
192,1658,170,0,3
192,1660,170,0,3
192,1667,170,0,3
192,1672,170,0,3
192,1676,170,0,3
192,1678,170,0,3
192,1681,170,0,3
193,1584,192,1,2
193,1585,192,1,2
193,1586,192,1,2
193,1588,192,1,2
193,1590,192,1,2
193,1591,192,1,2
193,1595,192,1,2
193,1601,192,1,2
193,1603,192,1,2
193,1607,192,1,2
193,1609,192,1,2
193,1610,192,1,2
193,1612,192,1,2
193,1614,192,1,2
193,1615,192,1,2
193,1617,192,1,2
193,1620,192,1,2
193,1622,192,1,2
193,1623,192,1,2
193,1624,192,1,2
193,1626,192,1,2
193,1627,192,1,2
193,1628,192,1,2
193,1629,192,1,2
193,1631,192,1,2
193,1632,192,1,2
193,1635,192,1,2
193,1636,192,1,2
193,1637,192,1,2
193,1639,192,1,2
193,1642,192,1,2
193,1645,192,1,2
193,1647,192,1,2
193,1649,192,1,2
193,1651,192,1,2
193,1652,192,1,2
193,1661,192,1,2
193,1664,192,1,2
193,1665,192,1,2
193,1669,192,1,2
193,1670,192,1,2
193,1671,192,1,2
193,1677,192,1,2
193,1679,192,1,2
203,1585,181,0,3
203,1588,181,0,3
203,1594,181,0,3
203,1595,181,0,3
203,1597,181,0,3
203,1610,181,0,3
203,1612,181,0,3
203,1614,181,0,3
203,1619,181,0,3
203,1620,181,0,3
203,1622,181,0,3
203,1623,181,0,3
203,1628,181,0,3
203,1630,181,0,3
203,1632,181,0,3
203,1642,181,0,3
203,1645,181,0,3
203,1647,181,0,3
203,1661,181,0,3
203,1664,181,0,3
203,1666,181,0,3
203,1673,181,0,3
204,1606,203,1,2
204,1650,203,1,2
214,1589,192,0,3
214,1593,192,0,3
214,1604,192,0,3
214,1613,192,0,3
214,1616,192,0,3
214,1621,192,0,3
214,1640,192,0,3
214,1641,192,0,3
214,1644,192,0,3
214,1646,192,0,3
214,1648,192,0,3
214,1654,192,0,3
214,1658,192,0,3
214,1660,192,0,3
214,1667,192,0,3
214,1672,192,0,3
214,1676,192,0,3
214,1678,192,0,3
214,1681,192,0,3
215,1585,214,1,2
215,1588,214,1,2
215,1594,214,1,2
215,1595,214,1,2
215,1597,214,1,2
215,1610,214,1,2
215,1612,214,1,2
215,1614,214,1,2
215,1619,214,1,2
215,1620,214,1,2
215,1622,214,1,2
215,1623,214,1,2
215,1628,214,1,2
215,1630,214,1,2
215,1632,214,1,2
215,1642,214,1,2
215,1645,214,1,2
215,1647,214,1,2
215,1661,214,1,2
215,1664,214,1,2
215,1666,214,1,2
215,1673,214,1,2
226,1587,225,1,2
226,1596,225,1,2
226,1600,225,1,2
226,1602,225,1,2
226,1606,225,1,2
226,1643,225,1,2
226,1650,225,1,2
226,1659,225,1,2
226,1674,225,1,2
226,1682,225,1,2
236,1587,258,3,0
236,1596,258,3,0
236,1600,258,3,0
236,1602,258,3,0
236,1606,258,3,0
236,1634,258,3,0
236,1638,258,3,0
236,1643,258,3,0
236,1650,258,3,0
236,1653,258,3,0
236,1659,258,3,0
236,1674,258,3,0
236,1682,258,3,0
237,1584,236,1,2
237,1585,236,1,2
237,1586,236,1,2
237,1588,236,1,2
237,1590,236,1,2
237,1591,236,1,2
237,1595,236,1,2
237,1607,236,1,2
237,1610,236,1,2
237,1612,236,1,2
237,1614,236,1,2
237,1615,236,1,2
237,1617,236,1,2
237,1620,236,1,2
237,1622,236,1,2
237,1627,236,1,2
237,1628,236,1,2
237,1632,236,1,2
237,1635,236,1,2
237,1637,236,1,2
237,1639,236,1,2
237,1642,236,1,2
237,1645,236,1,2
237,1647,236,1,2
237,1649,236,1,2
237,1651,236,1,2
237,1652,236,1,2
237,1661,236,1,2
237,1664,236,1,2
237,1665,236,1,2
237,1669,236,1,2
237,1670,236,1,2
237,1671,236,1,2
237,1677,236,1,2
247,1668,225,0,3
247,1683,225,0,3
248,1606,247,1,2
248,1618,247,1,2
248,1650,247,1,2
258,1634,280,3,0
258,1653,280,3,0
259,1585,258,1,2
259,1588,258,1,2
259,1594,258,1,2
259,1595,258,1,2
259,1597,258,1,2
259,1610,258,1,2
259,1612,258,1,2
259,1614,258,1,2
259,1619,258,1,2
259,1620,258,1,2
259,1622,258,1,2
259,1625,258,1,2
259,1628,258,1,2
259,1630,258,1,2
259,1632,258,1,2
259,1642,258,1,2
259,1645,258,1,2
259,1647,258,1,2
259,1661,258,1,2
259,1664,258,1,2
259,1666,258,1,2
259,1668,258,1,2
259,1673,258,1,2
259,1683,258,1,2
270,1587,269,1,2
270,1592,269,1,2
270,1596,269,1,2
270,1598,269,1,2
270,1600,269,1,2
270,1602,269,1,2
270,1606,269,1,2
270,1618,269,1,2
270,1643,269,1,2
270,1650,269,1,2
270,1655,269,1,2
270,1659,269,1,2
270,1662,269,1,2
270,1663,269,1,2
281,1584,280,1,2
281,1585,280,1,2
281,1588,280,1,2
281,1590,280,1,2
281,1591,280,1,2
281,1594,280,1,2
281,1595,280,1,2
281,1597,280,1,2
281,1599,280,1,2
281,1601,280,1,2
281,1607,280,1,2
281,1610,280,1,2
281,1612,280,1,2
281,1614,280,1,2
281,1615,280,1,2
281,1617,280,1,2
281,1619,280,1,2
281,1620,280,1,2
281,1622,280,1,2
281,1625,280,1,2
281,1628,280,1,2
281,1630,280,1,2
281,1632,280,1,2
281,1637,280,1,2
281,1642,280,1,2
281,1645,280,1,2
281,1647,280,1,2
281,1649,280,1,2
281,1652,280,1,2
281,1661,280,1,2
281,1664,280,1,2
281,1665,280,1,2
281,1666,280,1,2
281,1668,280,1,2
281,1669,280,1,2
281,1673,280,1,2
281,1677,280,1,2
281,1683,280,1,2
291,1586,313,3,0
291,1603,269,0,3
291,1609,269,0,3
291,1625,269,0,3
291,1626,269,0,3
291,1627,313,3,0
291,1629,269,0,3
291,1631,269,0,3
291,1635,313,3,0
291,1651,313,3,0
291,1669,313,3,0
292,1592,291,1,2
292,1606,291,1,2
292,1618,291,1,2
292,1650,291,1,2
292,1655,291,1,2
292,1656,291,1,2
292,1675,291,1,2
292,1680,291,1,2
302,1587,324,3,0
302,1592,324,3,0
302,1596,324,3,0
302,1598,324,3,0
302,1600,324,3,0
302,1602,324,3,0
302,1606,324,3,0
302,1608,280,0,3
302,1618,324,3,0
302,1643,324,3,0
302,1650,324,3,0
302,1655,324,3,0
302,1656,324,3,0
302,1659,324,3,0
302,1662,324,3,0
302,1663,324,3,0
302,1675,324,3,0
302,1680,324,3,0
303,1584,302,1,2
303,1585,302,1,2
303,1588,302,1,2
303,1591,302,1,2
303,1594,302,1,2
303,1597,302,1,2
303,1610,302,1,2
303,1612,302,1,2
303,1614,302,1,2
303,1615,302,1,2
303,1617,302,1,2
303,1619,302,1,2
303,1620,302,1,2
303,1622,302,1,2
303,1625,302,1,2
303,1628,302,1,2
303,1630,302,1,2
303,1632,302,1,2
303,1637,302,1,2
303,1642,302,1,2
303,1645,302,1,2
303,1647,302,1,2
303,1649,302,1,2
303,1652,302,1,2
303,1661,302,1,2
303,1664,302,1,2
303,1666,302,1,2
303,1668,302,1,2
303,1669,302,1,2
303,1673,302,1,2
303,1683,302,1,2
314,1589,313,1,2
314,1592,313,1,2
314,1593,313,1,2
314,1600,313,1,2
314,1606,313,1,2
314,1611,313,1,2
314,1613,313,1,2
314,1616,313,1,2
314,1618,313,1,2
314,1621,313,1,2
314,1633,313,1,2
314,1634,313,1,2
314,1636,313,1,2
314,1638,313,1,2
314,1640,313,1,2
314,1641,313,1,2
314,1644,313,1,2
314,1646,313,1,2
314,1648,313,1,2
314,1650,313,1,2
314,1653,313,1,2
314,1654,313,1,2
314,1655,313,1,2
314,1656,313,1,2
314,1658,313,1,2
314,1659,313,1,2
314,1660,313,1,2
314,1662,313,1,2
314,1667,313,1,2
314,1672,313,1,2
314,1674,313,1,2
314,1675,313,1,2
314,1678,313,1,2
314,1680,313,1,2
314,1681,313,1,2
314,1682,313,1,2
324,1608,302,0,3
324,1674,302,0,3
324,1682,302,0,3
325,1584,324,1,2
325,1585,324,1,2
325,1586,324,1,2
325,1591,324,1,2
325,1594,324,1,2
325,1597,324,1,2
325,1599,324,1,2
325,1601,324,1,2
325,1603,324,1,2
325,1609,324,1,2
325,1610,324,1,2
325,1612,324,1,2
325,1614,324,1,2
325,1617,324,1,2
325,1619,324,1,2
325,1620,324,1,2
325,1622,324,1,2
325,1624,324,1,2
325,1625,324,1,2
325,1626,324,1,2
325,1627,324,1,2
325,1629,324,1,2
325,1630,324,1,2
325,1631,324,1,2
325,1632,324,1,2
325,1635,324,1,2
325,1642,324,1,2
325,1647,324,1,2
325,1651,324,1,2
325,1652,324,1,2
325,1661,324,1,2
325,1666,324,1,2
325,1668,324,1,2
325,1670,324,1,2
325,1673,324,1,2
325,1679,324,1,2
325,1683,324,1,2
336,1592,335,1,2
336,1600,335,1,2
336,1606,335,1,2
336,1618,335,1,2
336,1623,335,1,2
336,1633,335,1,2
336,1636,335,1,2
336,1650,335,1,2
336,1655,335,1,2
336,1656,335,1,2
336,1659,335,1,2
336,1662,335,1,2
336,1675,335,1,2
336,1680,335,1,2
346,1592,368,3,0
346,1598,368,3,0
346,1600,368,3,0
346,1606,368,3,0
346,1618,368,3,0
346,1623,368,3,0
346,1633,368,3,0
346,1636,368,3,0
346,1650,368,3,0
346,1655,368,3,0
346,1656,368,3,0
346,1659,368,3,0
346,1662,368,3,0
346,1663,368,3,0
346,1675,368,3,0
346,1680,368,3,0
347,1584,346,1,2
347,1586,346,1,2
347,1591,346,1,2
347,1594,346,1,2
347,1597,346,1,2
347,1599,346,1,2
347,1601,346,1,2
347,1603,346,1,2
347,1609,346,1,2
347,1610,346,1,2
347,1614,346,1,2
347,1617,346,1,2
347,1619,346,1,2
347,1620,346,1,2
347,1624,346,1,2
347,1625,346,1,2
347,1626,346,1,2
347,1627,346,1,2
347,1629,346,1,2
347,1630,346,1,2
347,1631,346,1,2
347,1632,346,1,2
347,1635,346,1,2
347,1647,346,1,2
347,1651,346,1,2
347,1652,346,1,2
347,1661,346,1,2
347,1666,346,1,2
347,1668,346,1,2
347,1670,346,1,2
347,1673,346,1,2
347,1679,346,1,2
347,1683,346,1,2
357,1624,335,0,3
357,1639,335,0,3
357,1671,335,0,3
358,1592,357,1,2
358,1606,357,1,2
358,1618,357,1,2
358,1623,357,1,2
358,1633,357,1,2
358,1636,357,1,2
358,1650,357,1,2
358,1655,357,1,2
358,1656,357,1,2
358,1675,357,1,2
358,1680,357,1,2
368,1598,390,3,0
368,1608,346,0,3
368,1634,346,0,3
368,1638,346,0,3
368,1653,346,0,3
368,1659,390,3,0
368,1663,390,3,0
368,1674,346,0,3
368,1682,346,0,3
369,1586,368,1,2
369,1594,368,1,2
369,1597,368,1,2
369,1599,368,1,2
369,1601,368,1,2
369,1603,368,1,2
369,1609,368,1,2
369,1610,368,1,2
369,1619,368,1,2
369,1624,368,1,2
369,1625,368,1,2
369,1626,368,1,2
369,1627,368,1,2
369,1629,368,1,2
369,1630,368,1,2
369,1631,368,1,2
369,1632,368,1,2
369,1635,368,1,2
369,1639,368,1,2
369,1647,368,1,2
369,1649,368,1,2
369,1651,368,1,2
369,1661,368,1,2
369,1666,368,1,2
369,1668,368,1,2
369,1670,368,1,2
369,1671,368,1,2
369,1673,368,1,2
369,1679,368,1,2
369,1683,368,1,2
380,1592,379,1,2
380,1600,379,1,2
380,1606,379,1,2
380,1618,379,1,2
380,1623,379,1,2
380,1633,379,1,2
380,1636,379,1,2
380,1650,379,1,2
380,1655,379,1,2
380,1656,379,1,2
380,1662,379,1,2
380,1675,379,1,2
380,1680,379,1,2
391,1586,390,1,2
391,1590,390,1,2
391,1594,390,1,2
391,1597,390,1,2
391,1599,390,1,2
391,1601,390,1,2
391,1603,390,1,2
391,1607,390,1,2
391,1609,390,1,2
391,1610,390,1,2
391,1619,390,1,2
391,1624,390,1,2
391,1625,390,1,2
391,1626,390,1,2
391,1627,390,1,2
391,1629,390,1,2
391,1630,390,1,2
391,1631,390,1,2
391,1632,390,1,2
391,1635,390,1,2
391,1639,390,1,2
391,1647,390,1,2
391,1649,390,1,2
391,1651,390,1,2
391,1661,390,1,2
391,1666,390,1,2
391,1668,390,1,2
391,1670,390,1,2
391,1671,390,1,2
391,1673,390,1,2
391,1677,390,1,2
391,1679,390,1,2
391,1683,390,1,2
401,1665,379,0,3
401,1669,423,3,0
402,1592,401,1,2
402,1606,401,1,2
402,1618,401,1,2
402,1623,401,1,2
402,1633,401,1,2
402,1636,401,1,2
402,1650,401,1,2
402,1655,401,1,2
402,1656,401,1,2
402,1675,401,1,2
402,1680,401,1,2
413,1586,412,1,2
413,1590,412,1,2
413,1599,412,1,2
413,1601,412,1,2
413,1603,412,1,2
413,1604,412,1,2
413,1607,412,1,2
413,1609,412,1,2
413,1610,412,1,2
413,1619,412,1,2
413,1624,412,1,2
413,1625,412,1,2
413,1626,412,1,2
413,1627,412,1,2
413,1629,412,1,2
413,1630,412,1,2
413,1631,412,1,2
413,1632,412,1,2
413,1635,412,1,2
413,1639,412,1,2
413,1647,412,1,2
413,1649,412,1,2
413,1651,412,1,2
413,1661,412,1,2
413,1668,412,1,2
413,1670,412,1,2
413,1671,412,1,2
413,1673,412,1,2
413,1677,412,1,2
413,1679,412,1,2
413,1683,412,1,2
423,1586,401,0,3
423,1599,401,0,3
423,1601,401,0,3
423,1603,401,0,3
423,1607,401,0,3
423,1609,401,0,3
423,1610,401,0,3
423,1615,401,0,3
423,1619,401,0,3
423,1624,401,0,3
423,1625,401,0,3
423,1626,401,0,3
423,1627,401,0,3
423,1629,401,0,3
423,1630,401,0,3
423,1631,401,0,3
423,1632,401,0,3
423,1635,401,0,3
423,1639,401,0,3
423,1647,401,0,3
423,1649,401,0,3
423,1651,401,0,3
423,1665,401,0,3
423,1668,401,0,3
423,1670,401,0,3
423,1671,401,0,3
423,1673,401,0,3
423,1677,401,0,3
423,1679,401,0,3
423,1683,401,0,3
424,1587,423,1,2
424,1593,423,1,2
424,1596,423,1,2
424,1598,423,1,2
424,1602,423,1,2
424,1611,423,1,2
424,1613,423,1,2
424,1616,423,1,2
424,1634,423,1,2
424,1638,423,1,2
424,1640,423,1,2
424,1641,423,1,2
424,1643,423,1,2
424,1648,423,1,2
424,1653,423,1,2
424,1658,423,1,2
424,1659,423,1,2
424,1663,423,1,2
424,1672,423,1,2
424,1674,423,1,2
424,1678,423,1,2
424,1681,423,1,2
424,1682,423,1,2
434,1592,456,3,0
434,1595,456,3,0
434,1600,456,3,0
434,1606,456,3,0
434,1618,456,3,0
434,1623,456,3,0
434,1633,456,3,0
434,1636,456,3,0
434,1650,456,3,0
434,1655,456,3,0
434,1656,456,3,0
434,1662,456,3,0
434,1664,456,3,0
434,1675,456,3,0
434,1680,456,3,0
435,1586,434,1,2
435,1599,434,1,2
435,1601,434,1,2
435,1603,434,1,2
435,1604,434,1,2
435,1609,434,1,2
435,1610,434,1,2
435,1619,434,1,2
435,1624,434,1,2
435,1625,434,1,2
435,1626,434,1,2
435,1627,434,1,2
435,1629,434,1,2
435,1630,434,1,2
435,1631,434,1,2
435,1632,434,1,2
435,1635,434,1,2
435,1639,434,1,2
435,1647,434,1,2
435,1649,434,1,2
435,1651,434,1,2
435,1668,434,1,2
435,1670,434,1,2
435,1671,434,1,2
435,1673,434,1,2
435,1676,434,1,2
435,1679,434,1,2
435,1683,434,1,2
446,1588,445,1,2
446,1595,445,1,2
446,1606,445,1,2
446,1618,445,1,2
446,1622,445,1,2
446,1623,445,1,2
446,1628,445,1,2
446,1633,445,1,2
446,1636,445,1,2
446,1642,445,1,2
446,1645,445,1,2
446,1650,445,1,2
446,1655,445,1,2
446,1656,445,1,2
446,1664,445,1,2
446,1675,445,1,2
446,1680,445,1,2
446,1681,468,3,0
457,1586,456,1,2
457,1590,456,1,2
457,1599,456,1,2
457,1601,456,1,2
457,1603,456,1,2
457,1604,456,1,2
457,1607,456,1,2
457,1609,456,1,2
457,1610,456,1,2
457,1615,456,1,2
457,1624,456,1,2
457,1625,456,1,2
457,1626,456,1,2
457,1627,456,1,2
457,1629,456,1,2
457,1630,456,1,2
457,1631,456,1,2
457,1635,456,1,2
457,1637,456,1,2
457,1639,456,1,2
457,1647,456,1,2
457,1649,456,1,2
457,1651,456,1,2
457,1665,456,1,2
457,1668,456,1,2
457,1669,456,1,2
457,1670,456,1,2
457,1671,456,1,2
457,1673,456,1,2
457,1676,456,1,2
457,1677,456,1,2
457,1679,456,1,2
467,1584,445,0,3
467,1591,445,0,3
467,1617,445,0,3
468,1585,467,1,2
468,1587,467,1,2
468,1588,467,1,2
468,1592,467,1,2
468,1595,467,1,2
468,1596,467,1,2
468,1598,467,1,2
468,1600,467,1,2
468,1602,467,1,2
468,1611,467,1,2
468,1612,467,1,2
468,1614,467,1,2
468,1618,467,1,2
468,1622,467,1,2
468,1628,467,1,2
468,1636,467,1,2
468,1638,467,1,2
468,1642,467,1,2
468,1643,467,1,2
468,1645,467,1,2
468,1650,467,1,2
468,1653,467,1,2
468,1655,467,1,2
468,1656,467,1,2
468,1659,467,1,2
468,1662,467,1,2
468,1663,467,1,2
468,1664,467,1,2
468,1672,467,1,2
468,1674,467,1,2
468,1680,467,1,2
468,1682,467,1,2
478,1585,500,3,0
478,1588,500,3,0
478,1595,500,3,0
478,1598,456,0,3
478,1606,500,3,0
478,1612,500,3,0
478,1614,500,3,0
478,1618,500,3,0
478,1620,500,3,0
478,1622,500,3,0
478,1623,500,3,0
478,1628,500,3,0
478,1633,500,3,0
478,1636,500,3,0
478,1642,500,3,0
478,1645,500,3,0
478,1650,500,3,0
478,1655,500,3,0
478,1656,500,3,0
478,1659,456,0,3
478,1664,500,3,0
478,1675,500,3,0
478,1680,500,3,0
479,1586,478,1,2
479,1590,478,1,2
479,1601,478,1,2
479,1603,478,1,2
479,1604,478,1,2
479,1607,478,1,2
479,1609,478,1,2
479,1615,478,1,2
479,1624,478,1,2
479,1626,478,1,2
479,1627,478,1,2
479,1629,478,1,2
479,1631,478,1,2
479,1635,478,1,2
479,1637,478,1,2
479,1639,478,1,2
479,1649,478,1,2
479,1651,478,1,2
479,1660,478,1,2
479,1665,478,1,2
479,1667,478,1,2
479,1668,478,1,2
479,1669,478,1,2
479,1670,478,1,2
479,1671,478,1,2
479,1673,478,1,2
479,1676,478,1,2
479,1677,478,1,2
479,1679,478,1,2
490,1585,489,1,2
490,1587,489,1,2
490,1588,489,1,2
490,1592,489,1,2
490,1595,489,1,2
490,1596,489,1,2
490,1598,489,1,2
490,1600,489,1,2
490,1602,489,1,2
490,1611,489,1,2
490,1612,489,1,2
490,1614,489,1,2
490,1618,489,1,2
490,1622,489,1,2
490,1628,489,1,2
490,1636,489,1,2
490,1638,489,1,2
490,1642,489,1,2
490,1643,489,1,2
490,1645,489,1,2
490,1650,489,1,2
490,1653,489,1,2
490,1655,489,1,2
490,1656,489,1,2
490,1659,489,1,2
490,1662,489,1,2
490,1663,489,1,2
490,1664,489,1,2
490,1674,489,1,2
490,1680,489,1,2
490,1682,489,1,2
500,1596,478,0,3
500,1598,478,0,3
500,1600,478,0,3
500,1602,478,0,3
500,1659,478,0,3
500,1663,478,0,3
501,1584,500,1,2
501,1586,500,1,2
501,1589,500,1,2
501,1590,500,1,2
501,1591,500,1,2
501,1601,500,1,2
501,1604,500,1,2
501,1607,500,1,2
501,1609,500,1,2
501,1615,500,1,2
501,1617,500,1,2
501,1624,500,1,2
501,1626,500,1,2
501,1627,500,1,2
501,1629,500,1,2
501,1635,500,1,2
501,1637,500,1,2
501,1644,500,1,2
501,1646,500,1,2
501,1649,500,1,2
501,1651,500,1,2
501,1660,500,1,2
501,1665,500,1,2
501,1667,500,1,2
501,1668,500,1,2
501,1669,500,1,2
501,1670,500,1,2
501,1671,500,1,2
501,1673,500,1,2
501,1676,500,1,2
501,1677,500,1,2
501,1679,500,1,2
512,1585,511,1,2
512,1588,511,1,2
512,1594,511,1,2
512,1595,511,1,2
512,1597,511,1,2
512,1612,511,1,2
512,1614,511,1,2
512,1618,511,1,2
512,1622,511,1,2
512,1628,511,1,2
512,1636,511,1,2
512,1642,511,1,2
512,1645,511,1,2
512,1650,511,1,2
512,1655,511,1,2
512,1656,511,1,2
512,1664,511,1,2
512,1680,511,1,2
522,1585,544,3,0
522,1588,544,3,0
522,1594,544,3,0
522,1595,544,3,0
522,1597,544,3,0
522,1612,544,3,0
522,1614,544,3,0
522,1618,544,3,0
522,1620,544,3,0
522,1622,544,3,0
522,1628,544,3,0
522,1633,544,3,0
522,1636,544,3,0
522,1642,544,3,0
522,1645,544,3,0
522,1650,544,3,0
522,1655,544,3,0
522,1656,544,3,0
522,1664,544,3,0
522,1680,544,3,0
523,1584,522,1,2
523,1586,522,1,2
523,1589,522,1,2
523,1591,522,1,2
523,1601,522,1,2
523,1604,522,1,2
523,1615,522,1,2
523,1617,522,1,2
523,1627,522,1,2
523,1635,522,1,2
523,1637,522,1,2
523,1644,522,1,2
523,1646,522,1,2
523,1649,522,1,2
523,1651,522,1,2
523,1660,522,1,2
523,1665,522,1,2
523,1667,522,1,2
523,1668,522,1,2
523,1669,522,1,2
523,1673,522,1,2
523,1676,522,1,2
523,1678,522,1,2
533,1584,511,0,3
533,1591,511,0,3
533,1617,511,0,3
533,1637,511,0,3
544,1585,566,3,0
544,1588,566,3,0
544,1592,522,0,3
544,1594,566,3,0
544,1595,566,3,0
544,1597,566,3,0
544,1612,566,3,0
544,1614,566,3,0
544,1618,566,3,0
544,1620,566,3,0
544,1622,566,3,0
544,1628,566,3,0
544,1642,566,3,0
544,1645,566,3,0
544,1656,566,3,0
544,1661,566,3,0
544,1662,522,0,3
544,1664,566,3,0
544,1666,566,3,0
544,1680,566,3,0
545,1584,544,1,2
545,1589,544,1,2
545,1591,544,1,2
545,1604,544,1,2
545,1615,544,1,2
545,1617,544,1,2
545,1621,544,1,2
545,1644,544,1,2
545,1646,544,1,2
545,1649,544,1,2
545,1652,544,1,2
545,1654,544,1,2
545,1660,544,1,2
545,1667,544,1,2
545,1668,544,1,2
545,1673,544,1,2
545,1676,544,1,2
545,1678,544,1,2
556,1585,555,1,2
556,1588,555,1,2
556,1594,555,1,2
556,1595,555,1,2
556,1597,555,1,2
556,1612,555,1,2
556,1614,555,1,2
556,1618,555,1,2
556,1619,555,1,2
556,1620,555,1,2
556,1622,555,1,2
556,1628,555,1,2
556,1642,555,1,2
556,1645,555,1,2
556,1656,555,1,2
556,1661,555,1,2
556,1666,555,1,2
556,1680,555,1,2
566,1585,588,3,0
566,1588,588,3,0
566,1594,588,3,0
566,1595,588,3,0
566,1597,588,3,0
566,1612,588,3,0
566,1614,588,3,0
566,1618,588,3,0
566,1619,588,3,0
566,1620,588,3,0
566,1622,588,3,0
566,1628,588,3,0
566,1642,588,3,0
566,1645,588,3,0
566,1656,588,3,0
566,1661,588,3,0
566,1666,588,3,0
566,1680,588,3,0
567,1584,566,1,2
567,1589,566,1,2
567,1591,566,1,2
567,1604,566,1,2
567,1617,566,1,2
567,1621,566,1,2
567,1640,566,1,2
567,1641,566,1,2
567,1644,566,1,2
567,1646,566,1,2
567,1649,566,1,2
567,1654,566,1,2
567,1660,566,1,2
567,1667,566,1,2
567,1668,566,1,2
567,1673,566,1,2
567,1676,566,1,2
567,1678,566,1,2
578,1585,577,1,2
578,1588,577,1,2
578,1594,577,1,2
578,1595,577,1,2
578,1597,577,1,2
578,1612,577,1,2
578,1614,577,1,2
578,1618,577,1,2
578,1619,577,1,2
578,1620,577,1,2
578,1622,577,1,2
578,1625,577,1,2
578,1628,577,1,2
578,1632,577,1,2
578,1642,577,1,2
578,1645,577,1,2
578,1647,577,1,2
578,1656,577,1,2
578,1661,577,1,2
578,1666,577,1,2
578,1680,577,1,2
578,1683,577,1,2
588,1587,566,0,3
588,1592,566,0,3
588,1598,566,0,3
588,1600,566,0,3
588,1602,566,0,3
588,1606,566,0,3
588,1608,566,0,3
588,1623,566,0,3
588,1633,566,0,3
588,1638,566,0,3
588,1643,566,0,3
588,1653,566,0,3
588,1655,566,0,3
588,1659,566,0,3
588,1662,566,0,3
588,1663,566,0,3
588,1675,566,0,3
588,1680,610,3,0
588,1682,566,0,3
589,1584,588,1,2
589,1589,588,1,2
589,1591,588,1,2
589,1593,588,1,2
589,1604,588,1,2
589,1613,588,1,2
589,1616,588,1,2
589,1617,588,1,2
589,1621,588,1,2
589,1640,588,1,2
589,1641,588,1,2
589,1644,588,1,2
589,1646,588,1,2
589,1648,588,1,2
589,1654,588,1,2
589,1658,588,1,2
589,1660,588,1,2
589,1667,588,1,2
589,1668,588,1,2
589,1673,588,1,2
589,1676,588,1,2
589,1678,588,1,2
589,1681,588,1,2
600,1585,599,1,2
600,1588,599,1,2
600,1594,599,1,2
600,1595,599,1,2
600,1597,599,1,2
600,1599,599,1,2
600,1610,599,1,2
600,1612,599,1,2
600,1614,599,1,2
600,1618,599,1,2
600,1619,599,1,2
600,1620,599,1,2
600,1625,599,1,2
600,1628,599,1,2
600,1630,599,1,2
600,1632,599,1,2
600,1639,599,1,2
600,1642,599,1,2
600,1645,599,1,2
600,1647,599,1,2
600,1661,599,1,2
600,1666,599,1,2
600,1683,599,1,2
610,1592,588,0,3
610,1598,588,0,3
610,1600,588,0,3
610,1606,588,0,3
610,1608,588,0,3
610,1623,588,0,3
610,1633,588,0,3
610,1636,588,0,3
610,1638,588,0,3
610,1650,588,0,3
610,1653,588,0,3
610,1655,588,0,3
610,1659,588,0,3
610,1662,588,0,3
610,1663,588,0,3
610,1675,588,0,3
610,1682,588,0,3
611,1584,610,1,2
611,1589,610,1,2
611,1593,610,1,2
611,1604,610,1,2
611,1613,610,1,2
611,1616,610,1,2
611,1621,610,1,2
611,1634,610,1,2
611,1640,610,1,2
611,1641,610,1,2
611,1644,610,1,2
611,1646,610,1,2
611,1648,610,1,2
611,1654,610,1,2
611,1658,610,1,2
611,1660,610,1,2
611,1667,610,1,2
611,1668,610,1,2
611,1672,610,1,2
611,1673,610,1,2
611,1676,610,1,2
611,1678,610,1,2
611,1681,610,1,2
622,1592,621,1,2
622,1598,621,1,2
622,1600,621,1,2
622,1606,621,1,2
622,1610,621,1,2
622,1611,621,1,2
622,1623,621,1,2
622,1633,621,1,2
622,1636,621,1,2
622,1638,621,1,2
622,1650,621,1,2
622,1653,621,1,2
622,1655,621,1,2
622,1659,621,1,2
622,1662,621,1,2
622,1663,621,1,2
622,1675,621,1,2
632,1585,654,3,0
632,1588,654,3,0
632,1590,654,3,0
632,1594,654,3,0
632,1597,654,3,0
632,1599,654,3,0
632,1603,654,3,0
632,1609,654,3,0
632,1610,654,3,0
632,1612,654,3,0
632,1614,654,3,0
632,1618,654,3,0
632,1619,654,3,0
632,1620,654,3,0
632,1622,654,3,0
632,1624,654,3,0
632,1625,654,3,0
632,1626,654,3,0
632,1628,654,3,0
632,1629,654,3,0
632,1630,654,3,0
632,1631,654,3,0
632,1632,654,3,0
632,1639,654,3,0
632,1642,654,3,0
632,1645,654,3,0
632,1647,654,3,0
632,1656,654,3,0
632,1661,654,3,0
632,1666,654,3,0
632,1671,654,3,0
632,1679,654,3,0
632,1683,654,3,0
633,1589,632,1,2
633,1593,632,1,2
633,1604,632,1,2
633,1613,632,1,2
633,1616,632,1,2
633,1621,632,1,2
633,1634,632,1,2
633,1640,632,1,2
633,1641,632,1,2
633,1644,632,1,2
633,1646,632,1,2
633,1648,632,1,2
633,1654,632,1,2
633,1658,632,1,2
633,1660,632,1,2
633,1667,632,1,2
633,1668,632,1,2
633,1672,632,1,2
633,1673,632,1,2
633,1676,632,1,2
633,1678,632,1,2
633,1681,632,1,2
644,1585,643,1,2
644,1586,643,1,2
644,1588,643,1,2
644,1590,643,1,2
644,1592,643,1,2
644,1594,643,1,2
644,1597,643,1,2
644,1598,643,1,2
644,1599,643,1,2
644,1600,643,1,2
644,1601,643,1,2
644,1603,643,1,2
644,1606,643,1,2
644,1607,643,1,2
644,1609,643,1,2
644,1610,643,1,2
644,1611,643,1,2
644,1612,643,1,2
644,1614,643,1,2
644,1619,643,1,2
644,1620,643,1,2
644,1623,643,1,2
644,1624,643,1,2
644,1625,643,1,2
644,1626,643,1,2
644,1627,643,1,2
644,1629,643,1,2
644,1630,643,1,2
644,1631,643,1,2
644,1632,643,1,2
644,1633,643,1,2
644,1635,643,1,2
644,1636,643,1,2
644,1638,643,1,2
644,1639,643,1,2
644,1642,643,1,2
644,1647,643,1,2
644,1650,643,1,2
644,1651,643,1,2
644,1653,643,1,2
644,1655,643,1,2
644,1656,643,1,2
644,1659,643,1,2
644,1661,643,1,2
644,1662,643,1,2
644,1663,643,1,2
644,1664,643,1,2
644,1665,643,1,2
644,1666,643,1,2
644,1669,643,1,2
644,1670,643,1,2
644,1671,643,1,2
644,1675,643,1,2
644,1677,643,1,2
644,1679,643,1,2
644,1680,643,1,2
644,1683,643,1,2
654,1664,632,0,3
654,1680,632,0,3
655,1589,654,1,2
655,1593,654,1,2
655,1596,654,1,2
655,1604,654,1,2
655,1613,654,1,2
655,1616,654,1,2
655,1621,654,1,2
655,1634,654,1,2
655,1640,654,1,2
655,1641,654,1,2
655,1644,654,1,2
655,1646,654,1,2
655,1648,654,1,2
655,1654,654,1,2
655,1658,654,1,2
655,1660,654,1,2
655,1667,654,1,2
655,1668,654,1,2
655,1672,654,1,2
655,1676,654,1,2
655,1678,654,1,2
655,1681,654,1,2
666,1586,665,1,2
666,1599,665,1,2
666,1601,665,1,2
666,1603,665,1,2
666,1609,665,1,2
666,1610,665,1,2
666,1619,665,1,2
666,1624,665,1,2
666,1626,665,1,2
666,1627,665,1,2
666,1629,665,1,2
666,1630,665,1,2
666,1631,665,1,2
666,1632,665,1,2
666,1635,665,1,2
666,1647,665,1,2
666,1651,665,1,2
666,1661,665,1,2
666,1665,665,1,2
666,1670,665,1,2
666,1671,665,1,2
666,1677,665,1,2
666,1679,665,1,2
666,1683,665,1,2
676,1586,698,3,0
676,1588,698,3,0
676,1590,698,3,0
676,1592,654,0,3
676,1594,698,3,0
676,1597,698,3,0
676,1598,654,0,3
676,1599,698,3,0
676,1600,654,0,3
676,1601,698,3,0
676,1603,698,3,0
676,1606,654,0,3
676,1607,698,3,0
676,1608,654,0,3
676,1609,698,3,0
676,1610,698,3,0
676,1612,698,3,0
676,1614,698,3,0
676,1619,698,3,0
676,1620,698,3,0
676,1623,654,0,3
676,1624,698,3,0
676,1625,698,3,0
676,1626,698,3,0
676,1627,698,3,0
676,1629,698,3,0
676,1630,698,3,0
676,1631,698,3,0
676,1632,698,3,0
676,1633,654,0,3
676,1635,698,3,0
676,1636,654,0,3
676,1637,698,3,0
676,1638,654,0,3
676,1639,698,3,0
676,1642,698,3,0
676,1647,698,3,0
676,1650,654,0,3
676,1651,698,3,0
676,1652,698,3,0
676,1653,654,0,3
676,1655,654,0,3
676,1659,654,0,3
676,1661,698,3,0
676,1662,654,0,3
676,1663,654,0,3
676,1664,654,0,3
676,1665,698,3,0
676,1666,698,3,0
676,1669,698,3,0
676,1670,698,3,0
676,1671,698,3,0
676,1675,654,0,3
676,1677,698,3,0
676,1679,698,3,0
676,1680,654,0,3
676,1683,698,3,0
677,1589,676,1,2
677,1593,676,1,2
677,1596,676,1,2
677,1604,676,1,2
677,1613,676,1,2
677,1616,676,1,2
677,1621,676,1,2
677,1634,676,1,2
677,1640,676,1,2
677,1641,676,1,2
677,1644,676,1,2
677,1646,676,1,2
677,1648,676,1,2
677,1654,676,1,2
677,1658,676,1,2
677,1660,676,1,2
677,1667,676,1,2
677,1672,676,1,2
677,1676,676,1,2
677,1678,676,1,2
677,1681,676,1,2
688,1586,687,1,2
688,1592,687,1,2
688,1595,687,1,2
688,1598,687,1,2
688,1599,687,1,2
688,1600,687,1,2
688,1601,687,1,2
688,1603,687,1,2
688,1606,687,1,2
688,1609,687,1,2
688,1610,687,1,2
688,1611,687,1,2
688,1615,687,1,2
688,1619,687,1,2
688,1622,687,1,2
688,1623,687,1,2
688,1624,687,1,2
688,1626,687,1,2
688,1627,687,1,2
688,1629,687,1,2
688,1630,687,1,2
688,1631,687,1,2
688,1632,687,1,2
688,1633,687,1,2
688,1635,687,1,2
688,1636,687,1,2
688,1638,687,1,2
688,1647,687,1,2
688,1649,687,1,2
688,1650,687,1,2
688,1651,687,1,2
688,1653,687,1,2
688,1655,687,1,2
688,1656,687,1,2
688,1659,687,1,2
688,1661,687,1,2
688,1662,687,1,2
688,1663,687,1,2
688,1664,687,1,2
688,1665,687,1,2
688,1670,687,1,2
688,1671,687,1,2
688,1675,687,1,2
688,1677,687,1,2
688,1679,687,1,2
688,1680,687,1,2
688,1683,687,1,2
698,1586,720,3,0
698,1588,720,3,0
698,1590,720,3,0
698,1594,720,3,0
698,1597,720,3,0
698,1599,720,3,0
698,1601,720,3,0
698,1603,720,3,0
698,1607,720,3,0
698,1609,720,3,0
698,1610,720,3,0
698,1612,720,3,0
698,1614,720,3,0
698,1615,720,3,0
698,1619,720,3,0
698,1620,720,3,0
698,1624,720,3,0
698,1625,720,3,0
698,1626,720,3,0
698,1627,720,3,0
698,1629,720,3,0
698,1630,720,3,0
698,1631,720,3,0
698,1632,720,3,0
698,1635,720,3,0
698,1637,720,3,0
698,1639,720,3,0
698,1642,720,3,0
698,1647,720,3,0
698,1649,720,3,0
698,1651,720,3,0
698,1652,720,3,0
698,1661,720,3,0
698,1665,720,3,0
698,1666,720,3,0
698,1669,720,3,0
698,1670,720,3,0
698,1671,720,3,0
698,1677,720,3,0
698,1679,720,3,0
698,1683,720,3,0
699,1589,698,1,2
699,1593,698,1,2
699,1596,698,1,2
699,1604,698,1,2
699,1613,698,1,2
699,1616,698,1,2
699,1621,698,1,2
699,1634,698,1,2
699,1640,698,1,2
699,1641,698,1,2
699,1644,698,1,2
699,1646,698,1,2
699,1648,698,1,2
699,1654,698,1,2
699,1658,698,1,2
699,1660,698,1,2
699,1667,698,1,2
699,1672,698,1,2
699,1676,698,1,2
699,1678,698,1,2
699,1681,698,1,2
710,1586,709,1,2
710,1591,709,1,2
710,1592,709,1,2
710,1594,709,1,2
710,1595,709,1,2
710,1598,709,1,2
710,1599,709,1,2
710,1600,709,1,2
710,1601,709,1,2
710,1603,709,1,2
710,1606,709,1,2
710,1609,709,1,2
710,1610,709,1,2
710,1611,709,1,2
710,1612,709,1,2
710,1614,709,1,2
710,1615,709,1,2
710,1619,709,1,2
710,1620,709,1,2
710,1622,709,1,2
710,1623,709,1,2
710,1624,709,1,2
710,1625,709,1,2
710,1626,709,1,2
710,1627,709,1,2
710,1629,709,1,2
710,1630,709,1,2
710,1631,709,1,2
710,1632,709,1,2
710,1633,709,1,2
710,1635,709,1,2
710,1636,709,1,2
710,1637,709,1,2
710,1638,709,1,2
710,1639,709,1,2
710,1647,709,1,2
710,1649,709,1,2
710,1650,709,1,2
710,1651,709,1,2
710,1653,709,1,2
710,1655,709,1,2
710,1656,709,1,2
710,1659,709,1,2
710,1661,709,1,2
710,1662,709,1,2
710,1663,709,1,2
710,1664,709,1,2
710,1665,709,1,2
710,1666,709,1,2
710,1669,709,1,2
710,1670,709,1,2
710,1671,709,1,2
710,1675,709,1,2
710,1677,709,1,2
710,1679,709,1,2
710,1680,709,1,2
710,1683,709,1,2
720,1586,742,3,0
720,1590,742,3,0
720,1591,742,3,0
720,1594,742,3,0
720,1599,742,3,0
720,1601,742,3,0
720,1603,742,3,0
720,1607,742,3,0
720,1609,742,3,0
720,1610,742,3,0
720,1612,742,3,0
720,1614,742,3,0
720,1615,742,3,0
720,1618,698,0,3
720,1619,742,3,0
720,1620,742,3,0
720,1622,698,0,3
720,1624,742,3,0
720,1625,742,3,0
720,1626,742,3,0
720,1627,742,3,0
720,1628,698,0,3
720,1629,742,3,0
720,1630,742,3,0
720,1631,742,3,0
720,1632,742,3,0
720,1635,742,3,0
720,1637,742,3,0
720,1639,742,3,0
720,1645,698,0,3
720,1647,742,3,0
720,1649,742,3,0
720,1651,742,3,0
720,1652,742,3,0
720,1661,742,3,0
720,1665,742,3,0
720,1666,742,3,0
720,1669,742,3,0
720,1670,742,3,0
720,1671,742,3,0
720,1677,742,3,0
720,1679,742,3,0
720,1683,742,3,0
721,1587,720,1,2
721,1589,720,1,2
721,1593,720,1,2
721,1596,720,1,2
721,1604,720,1,2
721,1613,720,1,2
721,1616,720,1,2
721,1621,720,1,2
721,1634,720,1,2
721,1640,720,1,2
721,1641,720,1,2
721,1643,720,1,2
721,1644,720,1,2
721,1646,720,1,2
721,1648,720,1,2
721,1654,720,1,2
721,1658,720,1,2
721,1660,720,1,2
721,1667,720,1,2
721,1672,720,1,2
721,1674,720,1,2
721,1676,720,1,2
721,1678,720,1,2
721,1681,720,1,2
732,1584,731,1,2
732,1586,731,1,2
732,1591,731,1,2
732,1592,731,1,2
732,1595,731,1,2
732,1598,731,1,2
732,1599,731,1,2
732,1600,731,1,2
732,1601,731,1,2
732,1603,731,1,2
732,1606,731,1,2
732,1609,731,1,2
732,1610,731,1,2
732,1611,731,1,2
732,1615,731,1,2
732,1617,731,1,2
732,1619,731,1,2
732,1622,731,1,2
732,1623,731,1,2
732,1624,731,1,2
732,1626,731,1,2
732,1627,731,1,2
732,1629,731,1,2
732,1630,731,1,2
732,1631,731,1,2
732,1632,731,1,2
732,1633,731,1,2
732,1635,731,1,2
732,1636,731,1,2
732,1638,731,1,2
732,1647,731,1,2
732,1649,731,1,2
732,1650,731,1,2
732,1651,731,1,2
732,1653,731,1,2
732,1655,731,1,2
732,1656,731,1,2
732,1659,731,1,2
732,1661,731,1,2
732,1662,731,1,2
732,1663,731,1,2
732,1664,731,1,2
732,1665,731,1,2
732,1670,731,1,2
732,1671,731,1,2
732,1675,731,1,2
732,1677,731,1,2
732,1679,731,1,2
732,1680,731,1,2
732,1683,731,1,2
742,1584,764,3,0
742,1585,720,0,3
742,1586,764,3,0
742,1590,764,3,0
742,1591,764,3,0
742,1592,720,0,3
742,1595,720,0,3
742,1598,720,0,3
742,1599,764,3,0
742,1600,720,0,3
742,1601,764,3,0
742,1603,764,3,0
742,1606,720,0,3
742,1607,764,3,0
742,1608,720,0,3
742,1609,764,3,0
742,1610,764,3,0
742,1611,720,0,3
742,1615,764,3,0
742,1617,764,3,0
742,1618,720,0,3
742,1619,764,3,0
742,1622,720,0,3
742,1623,720,0,3
742,1624,764,3,0
742,1625,764,3,0
742,1626,764,3,0
742,1627,764,3,0
742,1628,720,0,3
742,1629,764,3,0
742,1630,764,3,0
742,1631,764,3,0
742,1632,764,3,0
742,1633,720,0,3
742,1635,764,3,0
742,1636,720,0,3
742,1637,764,3,0
742,1638,720,0,3
742,1645,720,0,3
742,1647,764,3,0
742,1649,764,3,0
742,1650,720,0,3
742,1651,764,3,0
742,1653,720,0,3
742,1655,720,0,3
742,1656,720,0,3
742,1659,720,0,3
742,1661,764,3,0
742,1662,720,0,3
742,1663,720,0,3
742,1664,720,0,3
742,1665,764,3,0
742,1669,764,3,0
742,1670,764,3,0
742,1671,764,3,0
742,1675,720,0,3
742,1677,764,3,0
742,1679,764,3,0
742,1680,720,0,3
742,1683,764,3,0
743,1593,742,1,2
743,1640,742,1,2
743,1648,742,1,2
743,1658,742,1,2
743,1672,742,1,2
743,1678,742,1,2
743,1682,742,1,2
754,1584,753,1,2
754,1591,753,1,2
754,1592,753,1,2
754,1595,753,1,2
754,1598,753,1,2
754,1600,753,1,2
754,1601,753,1,2
754,1606,753,1,2
754,1610,753,1,2
754,1611,753,1,2
754,1617,753,1,2
754,1622,753,1,2
754,1623,753,1,2
754,1632,753,1,2
754,1633,753,1,2
754,1636,753,1,2
754,1638,753,1,2
754,1647,753,1,2
754,1650,753,1,2
754,1653,753,1,2
754,1655,753,1,2
754,1656,753,1,2
754,1659,753,1,2
754,1662,753,1,2
754,1663,753,1,2
754,1664,753,1,2
754,1673,753,1,2
754,1675,753,1,2
754,1680,753,1,2
765,1587,764,1,2
765,1593,764,1,2
765,1602,764,1,2
765,1616,764,1,2
765,1621,764,1,2
765,1640,764,1,2
765,1641,764,1,2
765,1643,764,1,2
765,1644,764,1,2
765,1646,764,1,2
765,1648,764,1,2
765,1654,764,1,2
765,1658,764,1,2
765,1667,764,1,2
765,1672,764,1,2
765,1674,764,1,2
765,1678,764,1,2
765,1681,764,1,2
765,1682,764,1,2
776,1584,775,1,2
776,1591,775,1,2
776,1601,775,1,2
776,1610,775,1,2
776,1617,775,1,2
776,1632,775,1,2
776,1647,775,1,2
776,1673,775,1,2
786,1584,808,3,0
786,1586,808,3,0
786,1591,808,3,0
786,1599,808,3,0
786,1601,808,3,0
786,1603,808,3,0
786,1609,808,3,0
786,1610,808,3,0
786,1615,808,3,0
786,1617,808,3,0
786,1619,808,3,0
786,1624,808,3,0
786,1625,808,3,0
786,1626,808,3,0
786,1627,808,3,0
786,1629,808,3,0
786,1630,808,3,0
786,1631,808,3,0
786,1632,808,3,0
786,1635,808,3,0
786,1637,808,3,0
786,1647,808,3,0
786,1649,808,3,0
786,1651,808,3,0
786,1661,808,3,0
786,1665,808,3,0
786,1668,808,3,0
786,1669,808,3,0
786,1670,808,3,0
786,1673,808,3,0
786,1679,808,3,0
787,1587,786,1,2
787,1589,786,1,2
787,1593,786,1,2
787,1602,786,1,2
787,1604,786,1,2
787,1613,786,1,2
787,1616,786,1,2
787,1621,786,1,2
787,1640,786,1,2
787,1641,786,1,2
787,1643,786,1,2
787,1644,786,1,2
787,1646,786,1,2
787,1648,786,1,2
787,1654,786,1,2
787,1658,786,1,2
787,1667,786,1,2
787,1672,786,1,2
787,1674,786,1,2
787,1676,786,1,2
787,1678,786,1,2
787,1681,786,1,2
787,1682,786,1,2
798,1584,797,1,2
798,1591,797,1,2
798,1601,797,1,2
798,1603,797,1,2
798,1609,797,1,2
798,1610,797,1,2
798,1615,797,1,2
798,1617,797,1,2
798,1619,797,1,2
798,1626,797,1,2
798,1629,797,1,2
798,1630,797,1,2
798,1631,797,1,2
798,1632,797,1,2
798,1647,797,1,2
798,1649,797,1,2
798,1670,797,1,2
798,1673,797,1,2
798,1679,797,1,2
808,1584,830,3,0
808,1586,830,3,0
808,1591,830,3,0
808,1601,830,3,0
808,1603,830,3,0
808,1609,830,3,0
808,1610,830,3,0
808,1615,830,3,0
808,1617,830,3,0
808,1619,830,3,0
808,1624,830,3,0
808,1626,830,3,0
808,1627,830,3,0
808,1629,830,3,0
808,1630,830,3,0
808,1631,830,3,0
808,1632,830,3,0
808,1635,830,3,0
808,1647,830,3,0
808,1649,830,3,0
808,1651,830,3,0
808,1668,830,3,0
808,1670,830,3,0
808,1673,830,3,0
808,1679,830,3,0
809,1587,808,1,2
809,1589,808,1,2
809,1593,808,1,2
809,1602,808,1,2
809,1604,808,1,2
809,1613,808,1,2
809,1616,808,1,2
809,1621,808,1,2
809,1640,808,1,2
809,1641,808,1,2
809,1643,808,1,2
809,1644,808,1,2
809,1646,808,1,2
809,1648,808,1,2
809,1654,808,1,2
809,1658,808,1,2
809,1660,808,1,2
809,1667,808,1,2
809,1672,808,1,2
809,1674,808,1,2
809,1676,808,1,2
809,1678,808,1,2
809,1681,808,1,2
809,1682,808,1,2
819,1604,841,3,0
819,1613,841,3,0
820,1584,819,1,2
820,1591,819,1,2
820,1601,819,1,2
820,1610,819,1,2
820,1617,819,1,2
820,1630,819,1,2
820,1632,819,1,2
820,1647,819,1,2
820,1649,819,1,2
820,1670,819,1,2
820,1673,819,1,2
820,1679,819,1,2
821,1613,822,2,1
830,1584,852,3,0
830,1586,852,3,0
830,1591,852,3,0
830,1601,852,3,0
830,1610,852,3,0
830,1617,852,3,0
830,1624,852,3,0
830,1627,852,3,0
830,1630,852,3,0
830,1632,852,3,0
830,1635,852,3,0
830,1639,808,0,3
830,1647,852,3,0
830,1649,852,3,0
830,1651,852,3,0
830,1668,852,3,0
830,1670,852,3,0
830,1673,852,3,0
830,1679,852,3,0
831,1587,830,1,2
831,1589,830,1,2
831,1593,830,1,2
831,1602,830,1,2
831,1604,830,1,2
831,1613,830,1,2
831,1616,830,1,2
831,1621,830,1,2
831,1634,830,1,2
831,1640,830,1,2
831,1641,830,1,2
831,1643,830,1,2
831,1644,830,1,2
831,1646,830,1,2
831,1648,830,1,2
831,1654,830,1,2
831,1658,830,1,2
831,1667,830,1,2
831,1672,830,1,2
831,1674,830,1,2
831,1676,830,1,2
831,1678,830,1,2
831,1681,830,1,2
831,1682,830,1,2
842,1584,841,1,2
842,1585,841,1,2
842,1588,841,1,2
842,1590,841,1,2
842,1591,841,1,2
842,1592,841,1,2
842,1594,841,1,2
842,1595,841,1,2
842,1597,841,1,2
842,1598,841,1,2
842,1599,841,1,2
842,1601,841,1,2
842,1606,841,1,2
842,1610,841,1,2
842,1612,841,1,2
842,1614,841,1,2
842,1617,841,1,2
842,1618,841,1,2
842,1620,841,1,2
842,1622,841,1,2
842,1623,841,1,2
842,1624,841,1,2
842,1625,841,1,2
842,1628,841,1,2
842,1632,841,1,2
842,1633,841,1,2
842,1636,841,1,2
842,1637,841,1,2
842,1639,841,1,2
842,1642,841,1,2
842,1645,841,1,2
842,1647,841,1,2
842,1652,841,1,2
842,1655,841,1,2
842,1656,841,1,2
842,1662,841,1,2
842,1663,841,1,2
842,1664,841,1,2
842,1666,841,1,2
842,1669,841,1,2
842,1671,841,1,2
842,1673,841,1,2
842,1675,841,1,2
842,1680,841,1,2
842,1683,841,1,2
852,1584,874,3,0
852,1586,874,3,0
852,1591,874,3,0
852,1594,830,0,3
852,1597,830,0,3
852,1601,874,3,0
852,1610,874,3,0
852,1614,830,0,3
852,1617,874,3,0
852,1620,830,0,3
852,1627,874,3,0
852,1632,874,3,0
852,1635,874,3,0
852,1639,830,0,3
852,1647,874,3,0
852,1649,874,3,0
852,1651,874,3,0
852,1652,830,0,3
852,1666,830,0,3
852,1668,874,3,0
852,1671,830,0,3
852,1673,874,3,0
852,1683,830,0,3
853,1587,852,1,2
853,1593,852,1,2
853,1602,852,1,2
853,1616,852,1,2
853,1621,852,1,2
853,1634,852,1,2
853,1640,852,1,2
853,1641,852,1,2
853,1643,852,1,2
853,1644,852,1,2
853,1646,852,1,2
853,1648,852,1,2
853,1654,852,1,2
853,1658,852,1,2
853,1667,852,1,2
853,1672,852,1,2
853,1674,852,1,2
853,1678,852,1,2
853,1681,852,1,2
853,1682,852,1,2
863,1634,841,0,3
864,1601,863,1,2
864,1610,863,1,2
864,1668,863,1,2
864,1673,863,1,2
874,1590,852,0,3
874,1594,852,0,3
874,1597,852,0,3
874,1599,852,0,3
874,1601,896,3,0
874,1607,852,0,3
874,1610,896,3,0
874,1612,852,0,3
874,1614,852,0,3
874,1620,852,0,3
874,1625,852,0,3
874,1639,852,0,3
874,1642,852,0,3
874,1647,896,3,0
874,1649,896,3,0
874,1652,852,0,3
874,1661,852,0,3
874,1666,852,0,3
874,1668,896,3,0
874,1671,852,0,3
874,1673,896,3,0
874,1677,852,0,3
874,1683,852,0,3
875,1587,874,1,2
875,1593,874,1,2
875,1602,874,1,2
875,1621,874,1,2
875,1634,874,1,2
875,1640,874,1,2
875,1641,874,1,2
875,1643,874,1,2
875,1648,874,1,2
875,1654,874,1,2
875,1658,874,1,2
875,1660,874,1,2
875,1672,874,1,2
875,1674,874,1,2
875,1676,874,1,2
875,1678,874,1,2
875,1682,874,1,2
886,1601,885,1,2
886,1610,885,1,2
886,1668,885,1,2
886,1673,885,1,2
896,1601,918,3,0
896,1610,918,3,0
896,1649,918,3,0
896,1668,918,3,0
896,1673,918,3,0
897,1587,896,1,2
897,1589,896,1,2
897,1593,896,1,2
897,1596,896,1,2
897,1602,896,1,2
897,1613,896,1,2
897,1621,896,1,2
897,1634,896,1,2
897,1638,896,1,2
897,1640,896,1,2
897,1641,896,1,2
897,1643,896,1,2
897,1648,896,1,2
897,1654,896,1,2
897,1658,896,1,2
897,1659,896,1,2
897,1660,896,1,2
897,1672,896,1,2
897,1674,896,1,2
897,1676,896,1,2
897,1678,896,1,2
897,1682,896,1,2
907,1596,885,0,3
907,1602,929,3,0
907,1613,885,0,3
907,1634,885,0,3
907,1644,929,3,0
907,1681,929,3,0
908,1668,907,1,2
908,1673,907,1,2
918,1590,896,0,3
918,1594,896,0,3
918,1597,896,0,3
918,1599,896,0,3
918,1603,896,0,3
918,1607,896,0,3
918,1609,896,0,3
918,1610,940,3,0
918,1612,896,0,3
918,1614,896,0,3
918,1615,896,0,3
918,1619,896,0,3
918,1620,896,0,3
918,1624,896,0,3
918,1625,896,0,3
918,1626,896,0,3
918,1627,896,0,3
918,1629,896,0,3
918,1630,896,0,3
918,1631,896,0,3
918,1637,896,0,3
918,1639,896,0,3
918,1642,896,0,3
918,1649,940,3,0
918,1652,896,0,3
918,1661,896,0,3
918,1665,896,0,3
918,1666,896,0,3
918,1668,940,3,0
918,1669,896,0,3
918,1670,896,0,3
918,1671,896,0,3
918,1673,940,3,0
918,1677,896,0,3
918,1679,896,0,3
918,1683,896,0,3
919,1589,918,1,2
919,1593,918,1,2
919,1596,918,1,2
919,1611,918,1,2
919,1613,918,1,2
919,1634,918,1,2
919,1638,918,1,2
919,1640,918,1,2
919,1648,918,1,2
919,1658,918,1,2
919,1659,918,1,2
919,1660,918,1,2
919,1672,918,1,2
919,1676,918,1,2
919,1678,918,1,2
919,1682,918,1,2
930,1585,929,1,2
930,1586,929,1,2
930,1588,929,1,2
930,1590,929,1,2
930,1594,929,1,2
930,1595,929,1,2
930,1597,929,1,2
930,1599,929,1,2
930,1603,929,1,2
930,1607,929,1,2
930,1609,929,1,2
930,1612,929,1,2
930,1614,929,1,2
930,1615,929,1,2
930,1619,929,1,2
930,1620,929,1,2
930,1622,929,1,2
930,1623,929,1,2
930,1624,929,1,2
930,1625,929,1,2
930,1626,929,1,2
930,1627,929,1,2
930,1628,929,1,2
930,1629,929,1,2
930,1630,929,1,2
930,1631,929,1,2
930,1632,929,1,2
930,1633,929,1,2
930,1635,929,1,2
930,1636,929,1,2
930,1637,929,1,2
930,1639,929,1,2
930,1642,929,1,2
930,1645,929,1,2
930,1649,929,1,2
930,1651,929,1,2
930,1652,929,1,2
930,1656,929,1,2
930,1661,929,1,2
930,1664,929,1,2
930,1665,929,1,2
930,1666,929,1,2
930,1668,929,1,2
930,1669,929,1,2
930,1670,929,1,2
930,1671,929,1,2
930,1673,929,1,2
930,1675,929,1,2
930,1677,929,1,2
930,1679,929,1,2
930,1680,929,1,2
930,1683,929,1,2
941,1589,940,1,2
941,1593,940,1,2
941,1596,940,1,2
941,1600,940,1,2
941,1604,940,1,2
941,1608,940,1,2
941,1611,940,1,2
941,1613,940,1,2
941,1634,940,1,2
941,1638,940,1,2
941,1640,940,1,2
941,1644,940,1,2
941,1648,940,1,2
941,1653,940,1,2
941,1658,940,1,2
941,1659,940,1,2
941,1660,940,1,2
941,1667,940,1,2
941,1672,940,1,2
941,1676,940,1,2
941,1678,940,1,2
941,1681,940,1,2
941,1682,940,1,2
951,1616,929,0,3
951,1676,929,0,3
952,1668,951,1,2
952,1673,951,1,2
962,1668,984,3,0
962,1673,984,3,0
963,1589,962,1,2
963,1593,962,1,2
963,1596,962,1,2
963,1600,962,1,2
963,1604,962,1,2
963,1608,962,1,2
963,1611,962,1,2
963,1613,962,1,2
963,1634,962,1,2
963,1638,962,1,2
963,1640,962,1,2
963,1644,962,1,2
963,1648,962,1,2
963,1653,962,1,2
963,1658,962,1,2
963,1659,962,1,2
963,1660,962,1,2
963,1667,962,1,2
963,1672,962,1,2
963,1676,962,1,2
963,1678,962,1,2
963,1681,962,1,2
963,1682,962,1,2
974,1668,973,1,2
974,1673,973,1,2
984,1668,1006,3,0
984,1673,1006,3,0
985,1589,984,1,2
985,1593,984,1,2
985,1596,984,1,2
985,1600,984,1,2
985,1604,984,1,2
985,1606,984,1,2
985,1608,984,1,2
985,1611,984,1,2
985,1613,984,1,2
985,1616,984,1,2
985,1634,984,1,2
985,1638,984,1,2
985,1640,984,1,2
985,1644,984,1,2
985,1646,984,1,2
985,1648,984,1,2
985,1650,984,1,2
985,1653,984,1,2
985,1654,984,1,2
985,1658,984,1,2
985,1659,984,1,2
985,1660,984,1,2
985,1667,984,1,2
985,1672,984,1,2
985,1676,984,1,2
985,1678,984,1,2
985,1681,984,1,2
985,1682,984,1,2
995,1587,973,0,3
995,1602,973,0,3
995,1616,973,0,3
995,1646,973,0,3
995,1658,1017,3,0
995,1676,973,0,3
995,1681,973,0,3
995,1682,1017,3,0
996,1668,995,1,2
996,1673,995,1,2
1006,1584,984,0,3
1006,1601,984,0,3
1006,1610,984,0,3
1006,1668,1028,3,0
1006,1673,1028,3,0
1007,1587,1006,1,2
1007,1589,1006,1,2
1007,1593,1006,1,2
1007,1596,1006,1,2
1007,1600,1006,1,2
1007,1602,1006,1,2
1007,1604,1006,1,2
1007,1606,1006,1,2
1007,1608,1006,1,2
1007,1611,1006,1,2
1007,1613,1006,1,2
1007,1616,1006,1,2
1007,1634,1006,1,2
1007,1638,1006,1,2
1007,1640,1006,1,2
1007,1643,1006,1,2
1007,1644,1006,1,2
1007,1646,1006,1,2
1007,1648,1006,1,2
1007,1650,1006,1,2
1007,1653,1006,1,2
1007,1654,1006,1,2
1007,1658,1006,1,2
1007,1659,1006,1,2
1007,1660,1006,1,2
1007,1667,1006,1,2
1007,1672,1006,1,2
1007,1676,1006,1,2
1007,1678,1006,1,2
1007,1681,1006,1,2
1007,1682,1006,1,2
1017,1587,995,0,3
1017,1589,995,0,3
1017,1596,995,0,3
1017,1602,995,0,3
1017,1604,995,0,3
1017,1613,995,0,3
1017,1616,995,0,3
1017,1634,995,0,3
1017,1641,995,0,3
1017,1644,995,0,3
1017,1646,995,0,3
1017,1660,995,0,3
1017,1667,995,0,3
1017,1674,995,0,3
1017,1676,995,0,3
1017,1681,995,0,3
1018,1584,1017,1,2
1018,1585,1017,1,2
1018,1586,1017,1,2
1018,1588,1017,1,2
1018,1590,1017,1,2
1018,1591,1017,1,2
1018,1594,1017,1,2
1018,1595,1017,1,2
1018,1597,1017,1,2
1018,1599,1017,1,2
1018,1601,1017,1,2
1018,1603,1017,1,2
1018,1607,1017,1,2
1018,1609,1017,1,2
1018,1610,1017,1,2
1018,1612,1017,1,2
1018,1614,1017,1,2
1018,1615,1017,1,2
1018,1617,1017,1,2
1018,1619,1017,1,2
1018,1620,1017,1,2
1018,1622,1017,1,2
1018,1624,1017,1,2
1018,1625,1017,1,2
1018,1626,1017,1,2
1018,1627,1017,1,2
1018,1628,1017,1,2
1018,1629,1017,1,2
1018,1630,1017,1,2
1018,1631,1017,1,2
1018,1632,1017,1,2
1018,1635,1017,1,2
1018,1637,1017,1,2
1018,1639,1017,1,2
1018,1642,1017,1,2
1018,1645,1017,1,2
1018,1647,1017,1,2
1018,1649,1017,1,2
1018,1651,1017,1,2
1018,1652,1017,1,2
1018,1661,1017,1,2
1018,1664,1017,1,2
1018,1665,1017,1,2
1018,1666,1017,1,2
1018,1669,1017,1,2
1018,1670,1017,1,2
1018,1671,1017,1,2
1018,1677,1017,1,2
1018,1679,1017,1,2
1018,1683,1017,1,2
1028,1584,1006,0,3
1028,1585,1006,0,3
1028,1586,1006,0,3
1028,1588,1006,0,3
1028,1590,1006,0,3
1028,1591,1006,0,3
1028,1594,1006,0,3
1028,1595,1006,0,3
1028,1597,1006,0,3
1028,1599,1006,0,3
1028,1601,1006,0,3
1028,1603,1006,0,3
1028,1607,1006,0,3
1028,1609,1006,0,3
1028,1610,1006,0,3
1028,1612,1006,0,3
1028,1614,1006,0,3
1028,1615,1006,0,3
1028,1617,1006,0,3
1028,1619,1006,0,3
1028,1620,1006,0,3
1028,1622,1006,0,3
1028,1624,1006,0,3
1028,1625,1006,0,3
1028,1626,1006,0,3
1028,1627,1006,0,3
1028,1628,1006,0,3
1028,1629,1006,0,3
1028,1630,1006,0,3
1028,1631,1006,0,3
1028,1632,1006,0,3
1028,1635,1006,0,3
1028,1637,1006,0,3
1028,1639,1006,0,3
1028,1642,1006,0,3
1028,1645,1006,0,3
1028,1647,1006,0,3
1028,1649,1006,0,3
1028,1651,1006,0,3
1028,1652,1006,0,3
1028,1661,1006,0,3
1028,1664,1006,0,3
1028,1665,1006,0,3
1028,1666,1006,0,3
1028,1668,1050,3,0
1028,1669,1006,0,3
1028,1670,1006,0,3
1028,1671,1006,0,3
1028,1673,1050,3,0
1028,1677,1006,0,3
1028,1679,1006,0,3
1028,1683,1006,0,3
1029,1587,1028,1,2
1029,1589,1028,1,2
1029,1596,1028,1,2
1029,1602,1028,1,2
1029,1604,1028,1,2
1029,1608,1028,1,2
1029,1611,1028,1,2
1029,1613,1028,1,2
1029,1616,1028,1,2
1029,1634,1028,1,2
1029,1638,1028,1,2
1029,1641,1028,1,2
1029,1643,1028,1,2
1029,1644,1028,1,2
1029,1646,1028,1,2
1029,1653,1028,1,2
1029,1654,1028,1,2
1029,1660,1028,1,2
1029,1667,1028,1,2
1029,1674,1028,1,2
1029,1676,1028,1,2
1029,1681,1028,1,2
1040,1584,1039,1,2
1040,1585,1039,1,2
1040,1586,1039,1,2
1040,1588,1039,1,2
1040,1590,1039,1,2
1040,1591,1039,1,2
1040,1594,1039,1,2
1040,1595,1039,1,2
1040,1597,1039,1,2
1040,1599,1039,1,2
1040,1601,1039,1,2
1040,1603,1039,1,2
1040,1607,1039,1,2
1040,1609,1039,1,2
1040,1610,1039,1,2
1040,1612,1039,1,2
1040,1614,1039,1,2
1040,1615,1039,1,2
1040,1617,1039,1,2
1040,1619,1039,1,2
1040,1620,1039,1,2
1040,1622,1039,1,2
1040,1624,1039,1,2
1040,1625,1039,1,2
1040,1626,1039,1,2
1040,1627,1039,1,2
1040,1628,1039,1,2
1040,1629,1039,1,2
1040,1630,1039,1,2
1040,1631,1039,1,2
1040,1632,1039,1,2
1040,1635,1039,1,2
1040,1637,1039,1,2
1040,1639,1039,1,2
1040,1642,1039,1,2
1040,1645,1039,1,2
1040,1647,1039,1,2
1040,1649,1039,1,2
1040,1651,1039,1,2
1040,1652,1039,1,2
1040,1661,1039,1,2
1040,1664,1039,1,2
1040,1665,1039,1,2
1040,1666,1039,1,2
1040,1668,1039,1,2
1040,1669,1039,1,2
1040,1670,1039,1,2
1040,1671,1039,1,2
1040,1673,1039,1,2
1040,1677,1039,1,2
1040,1679,1039,1,2
1040,1683,1039,1,2
1050,1668,1072,3,0
1050,1673,1072,3,0
1051,1587,1050,1,2
1051,1589,1050,1,2
1051,1592,1050,1,2
1051,1596,1050,1,2
1051,1598,1050,1,2
1051,1602,1050,1,2
1051,1604,1050,1,2
1051,1606,1050,1,2
1051,1608,1050,1,2
1051,1611,1050,1,2
1051,1613,1050,1,2
1051,1616,1050,1,2
1051,1634,1050,1,2
1051,1638,1050,1,2
1051,1641,1050,1,2
1051,1643,1050,1,2
1051,1644,1050,1,2
1051,1646,1050,1,2
1051,1653,1050,1,2
1051,1654,1050,1,2
1051,1660,1050,1,2
1051,1662,1050,1,2
1051,1667,1050,1,2
1051,1674,1050,1,2
1051,1676,1050,1,2
1051,1681,1050,1,2
1061,1593,1083,3,0
1061,1600,1083,3,0
1061,1606,1083,3,0
1061,1618,1083,3,0
1061,1640,1083,3,0
1061,1648,1083,3,0
1061,1650,1083,3,0
1061,1654,1039,0,3
1061,1658,1083,3,0
1061,1659,1083,3,0
1061,1672,1083,3,0
1061,1678,1083,3,0
1062,1668,1061,1,2
1062,1673,1061,1,2
1068,1601,1090,3,0
1073,1587,1072,1,2
1073,1589,1072,1,2
1073,1592,1072,1,2
1073,1596,1072,1,2
1073,1598,1072,1,2
1073,1600,1072,1,2
1073,1602,1072,1,2
1073,1606,1072,1,2
1073,1608,1072,1,2
1073,1611,1072,1,2
1073,1613,1072,1,2
1073,1616,1072,1,2
1073,1618,1072,1,2
1073,1621,1072,1,2
1073,1634,1072,1,2
1073,1638,1072,1,2
1073,1641,1072,1,2
1073,1643,1072,1,2
1073,1644,1072,1,2
1073,1646,1072,1,2
1073,1650,1072,1,2
1073,1653,1072,1,2
1073,1654,1072,1,2
1073,1655,1072,1,2
1073,1659,1072,1,2
1073,1660,1072,1,2
1073,1662,1072,1,2
1073,1663,1072,1,2
1073,1667,1072,1,2
1073,1674,1072,1,2
1073,1676,1072,1,2
1073,1681,1072,1,2
1083,1593,1105,3,0
1083,1648,1105,3,0
1083,1654,1061,0,3
1083,1658,1105,3,0
1083,1672,1105,3,0
1083,1678,1105,3,0
1084,1584,1083,1,2
1084,1585,1083,1,2
1084,1586,1083,1,2
1084,1588,1083,1,2
1084,1590,1083,1,2
1084,1591,1083,1,2
1084,1594,1083,1,2
1084,1597,1083,1,2
1084,1599,1083,1,2
1084,1601,1083,1,2
1084,1603,1083,1,2
1084,1607,1083,1,2
1084,1609,1083,1,2
1084,1610,1083,1,2
1084,1612,1083,1,2
1084,1614,1083,1,2
1084,1615,1083,1,2
1084,1617,1083,1,2
1084,1619,1083,1,2
1084,1620,1083,1,2
1084,1622,1083,1,2
1084,1624,1083,1,2
1084,1625,1083,1,2
1084,1626,1083,1,2
1084,1627,1083,1,2
1084,1628,1083,1,2
1084,1629,1083,1,2
1084,1630,1083,1,2
1084,1631,1083,1,2
1084,1632,1083,1,2
1084,1635,1083,1,2
1084,1637,1083,1,2
1084,1639,1083,1,2
1084,1642,1083,1,2
1084,1645,1083,1,2
1084,1647,1083,1,2
1084,1649,1083,1,2
1084,1651,1083,1,2
1084,1652,1083,1,2
1084,1661,1083,1,2
1084,1664,1083,1,2
1084,1665,1083,1,2
1084,1666,1083,1,2
1084,1668,1083,1,2
1084,1669,1083,1,2
1084,1670,1083,1,2
1084,1671,1083,1,2
1084,1673,1083,1,2
1084,1677,1083,1,2
1084,1679,1083,1,2
1084,1683,1083,1,2
1094,1668,1116,3,0
1094,1673,1116,3,0
1095,1587,1094,1,2
1095,1589,1094,1,2
1095,1592,1094,1,2
1095,1596,1094,1,2
1095,1598,1094,1,2
1095,1600,1094,1,2
1095,1602,1094,1,2
1095,1606,1094,1,2
1095,1608,1094,1,2
1095,1611,1094,1,2
1095,1613,1094,1,2
1095,1616,1094,1,2
1095,1618,1094,1,2
1095,1621,1094,1,2
1095,1634,1094,1,2
1095,1638,1094,1,2
1095,1641,1094,1,2
1095,1643,1094,1,2
1095,1644,1094,1,2
1095,1646,1094,1,2
1095,1650,1094,1,2
1095,1653,1094,1,2
1095,1654,1094,1,2
1095,1655,1094,1,2
1095,1656,1094,1,2
1095,1659,1094,1,2
1095,1660,1094,1,2
1095,1662,1094,1,2
1095,1663,1094,1,2
1095,1667,1094,1,2
1095,1674,1094,1,2
1095,1675,1094,1,2
1095,1680,1094,1,2
1095,1681,1094,1,2
1105,1654,1083,0,3
1105,1682,1083,0,3
1106,1584,1105,1,2
1106,1585,1105,1,2
1106,1586,1105,1,2
1106,1590,1105,1,2
1106,1591,1105,1,2
1106,1594,1105,1,2
1106,1597,1105,1,2
1106,1599,1105,1,2
1106,1601,1105,1,2
1106,1603,1105,1,2
1106,1607,1105,1,2
1106,1609,1105,1,2
1106,1610,1105,1,2
1106,1612,1105,1,2
1106,1614,1105,1,2
1106,1615,1105,1,2
1106,1617,1105,1,2
1106,1619,1105,1,2
1106,1620,1105,1,2
1106,1622,1105,1,2
1106,1624,1105,1,2
1106,1625,1105,1,2
1106,1626,1105,1,2
1106,1627,1105,1,2
1106,1629,1105,1,2
1106,1630,1105,1,2
1106,1631,1105,1,2
1106,1632,1105,1,2
1106,1635,1105,1,2
1106,1637,1105,1,2
1106,1639,1105,1,2
1106,1642,1105,1,2
1106,1647,1105,1,2
1106,1649,1105,1,2
1106,1651,1105,1,2
1106,1652,1105,1,2
1106,1661,1105,1,2
1106,1665,1105,1,2
1106,1666,1105,1,2
1106,1669,1105,1,2
1106,1670,1105,1,2
1106,1671,1105,1,2
1106,1677,1105,1,2
1106,1679,1105,1,2
1106,1683,1105,1,2
1116,1673,1138,3,0
1117,1587,1116,1,2
1117,1589,1116,1,2
1117,1592,1116,1,2
1117,1596,1116,1,2
1117,1598,1116,1,2
1117,1600,1116,1,2
1117,1602,1116,1,2
1117,1606,1116,1,2
1117,1608,1116,1,2
1117,1611,1116,1,2
1117,1613,1116,1,2
1117,1616,1116,1,2
1117,1618,1116,1,2
1117,1621,1116,1,2
1117,1633,1116,1,2
1117,1634,1116,1,2
1117,1638,1116,1,2
1117,1640,1116,1,2
1117,1641,1116,1,2
1117,1643,1116,1,2
1117,1644,1116,1,2
1117,1646,1116,1,2
1117,1648,1116,1,2
1117,1650,1116,1,2
1117,1653,1116,1,2
1117,1654,1116,1,2
1117,1655,1116,1,2
1117,1656,1116,1,2
1117,1658,1116,1,2
1117,1659,1116,1,2
1117,1660,1116,1,2
1117,1662,1116,1,2
1117,1663,1116,1,2
1117,1667,1116,1,2
1117,1674,1116,1,2
1117,1675,1116,1,2
1117,1678,1116,1,2
1117,1680,1116,1,2
1117,1681,1116,1,2
1117,1682,1116,1,2
1128,1584,1127,1,2
1128,1586,1127,1,2
1128,1590,1127,1,2
1128,1591,1127,1,2
1128,1594,1127,1,2
1128,1597,1127,1,2
1128,1599,1127,1,2
1128,1601,1127,1,2
1128,1603,1127,1,2
1128,1607,1127,1,2
1128,1609,1127,1,2
1128,1610,1127,1,2
1128,1614,1127,1,2
1128,1615,1127,1,2
1128,1617,1127,1,2
1128,1619,1127,1,2
1128,1624,1127,1,2
1128,1625,1127,1,2
1128,1626,1127,1,2
1128,1627,1127,1,2
1128,1629,1127,1,2
1128,1630,1127,1,2
1128,1631,1127,1,2
1128,1632,1127,1,2
1128,1635,1127,1,2
1128,1637,1127,1,2
1128,1639,1127,1,2
1128,1647,1127,1,2
1128,1649,1127,1,2
1128,1651,1127,1,2
1128,1652,1127,1,2
1128,1661,1127,1,2
1128,1665,1127,1,2
1128,1666,1127,1,2
1128,1669,1127,1,2
1128,1670,1127,1,2
1128,1671,1127,1,2
1128,1677,1127,1,2
1128,1679,1127,1,2
1128,1683,1127,1,2
1138,1673,1160,3,0
1139,1587,1138,1,2
1139,1589,1138,1,2
1139,1592,1138,1,2
1139,1593,1138,1,2
1139,1596,1138,1,2
1139,1598,1138,1,2
1139,1600,1138,1,2
1139,1602,1138,1,2
1139,1606,1138,1,2
1139,1608,1138,1,2
1139,1611,1138,1,2
1139,1613,1138,1,2
1139,1616,1138,1,2
1139,1618,1138,1,2
1139,1621,1138,1,2
1139,1623,1138,1,2
1139,1633,1138,1,2
1139,1634,1138,1,2
1139,1636,1138,1,2
1139,1638,1138,1,2
1139,1640,1138,1,2
1139,1641,1138,1,2
1139,1643,1138,1,2
1139,1644,1138,1,2
1139,1646,1138,1,2
1139,1648,1138,1,2
1139,1650,1138,1,2
1139,1653,1138,1,2
1139,1654,1138,1,2
1139,1655,1138,1,2
1139,1656,1138,1,2
1139,1658,1138,1,2
1139,1659,1138,1,2
1139,1662,1138,1,2
1139,1663,1138,1,2
1139,1667,1138,1,2
1139,1672,1138,1,2
1139,1674,1138,1,2
1139,1675,1138,1,2
1139,1678,1138,1,2
1139,1680,1138,1,2
1139,1681,1138,1,2
1139,1682,1138,1,2
1150,1584,1149,1,2
1150,1586,1149,1,2
1150,1590,1149,1,2
1150,1591,1149,1,2
1150,1594,1149,1,2
1150,1597,1149,1,2
1150,1599,1149,1,2
1150,1601,1149,1,2
1150,1603,1149,1,2
1150,1607,1149,1,2
1150,1609,1149,1,2
1150,1610,1149,1,2
1150,1615,1149,1,2
1150,1617,1149,1,2
1150,1619,1149,1,2
1150,1624,1149,1,2
1150,1625,1149,1,2
1150,1626,1149,1,2
1150,1627,1149,1,2
1150,1629,1149,1,2
1150,1630,1149,1,2
1150,1631,1149,1,2
1150,1632,1149,1,2
1150,1635,1149,1,2
1150,1637,1149,1,2
1150,1639,1149,1,2
1150,1647,1149,1,2
1150,1649,1149,1,2
1150,1651,1149,1,2
1150,1652,1149,1,2
1150,1661,1149,1,2
1150,1665,1149,1,2
1150,1666,1149,1,2
1150,1669,1149,1,2
1150,1670,1149,1,2
1150,1671,1149,1,2
1150,1677,1149,1,2
1150,1679,1149,1,2
1150,1683,1149,1,2
1160,1673,1182,3,0
1161,1587,1160,1,2
1161,1592,1160,1,2
1161,1593,1160,1,2
1161,1596,1160,1,2
1161,1598,1160,1,2
1161,1602,1160,1,2
1161,1606,1160,1,2
1161,1608,1160,1,2
1161,1611,1160,1,2
1161,1613,1160,1,2
1161,1616,1160,1,2
1161,1621,1160,1,2
1161,1623,1160,1,2
1161,1633,1160,1,2
1161,1634,1160,1,2
1161,1636,1160,1,2
1161,1638,1160,1,2
1161,1640,1160,1,2
1161,1641,1160,1,2
1161,1643,1160,1,2
1161,1646,1160,1,2
1161,1648,1160,1,2
1161,1653,1160,1,2
1161,1654,1160,1,2
1161,1655,1160,1,2
1161,1656,1160,1,2
1161,1658,1160,1,2
1161,1662,1160,1,2
1161,1663,1160,1,2
1161,1672,1160,1,2
1161,1674,1160,1,2
1161,1675,1160,1,2
1161,1680,1160,1,2
1161,1681,1160,1,2
1161,1682,1160,1,2
1172,1584,1171,1,2
1172,1586,1171,1,2
1172,1590,1171,1,2
1172,1591,1171,1,2
1172,1594,1171,1,2
1172,1599,1171,1,2
1172,1601,1171,1,2
1172,1603,1171,1,2
1172,1607,1171,1,2
1172,1609,1171,1,2
1172,1610,1171,1,2
1172,1615,1171,1,2
1172,1617,1171,1,2
1172,1619,1171,1,2
1172,1624,1171,1,2
1172,1625,1171,1,2
1172,1626,1171,1,2
1172,1627,1171,1,2
1172,1629,1171,1,2
1172,1630,1171,1,2
1172,1631,1171,1,2
1172,1632,1171,1,2
1172,1635,1171,1,2
1172,1637,1171,1,2
1172,1639,1171,1,2
1172,1647,1171,1,2
1172,1649,1171,1,2
1172,1651,1171,1,2
1172,1652,1171,1,2
1172,1661,1171,1,2
1172,1665,1171,1,2
1172,1666,1171,1,2
1172,1668,1171,1,2
1172,1669,1171,1,2
1172,1670,1171,1,2
1172,1671,1171,1,2
1172,1673,1171,1,2
1172,1677,1171,1,2
1172,1679,1171,1,2
1172,1683,1171,1,2
1182,1597,1204,3,0
1183,1587,1182,1,2
1183,1592,1182,1,2
1183,1593,1182,1,2
1183,1596,1182,1,2
1183,1598,1182,1,2
1183,1600,1182,1,2
1183,1602,1182,1,2
1183,1606,1182,1,2
1183,1608,1182,1,2
1183,1611,1182,1,2
1183,1613,1182,1,2
1183,1616,1182,1,2
1183,1618,1182,1,2
1183,1621,1182,1,2
1183,1623,1182,1,2
1183,1633,1182,1,2
1183,1634,1182,1,2
1183,1636,1182,1,2
1183,1638,1182,1,2
1183,1640,1182,1,2
1183,1641,1182,1,2
1183,1643,1182,1,2
1183,1648,1182,1,2
1183,1650,1182,1,2
1183,1653,1182,1,2
1183,1654,1182,1,2
1183,1655,1182,1,2
1183,1656,1182,1,2
1183,1658,1182,1,2
1183,1662,1182,1,2
1183,1663,1182,1,2
1183,1672,1182,1,2
1183,1674,1182,1,2
1183,1675,1182,1,2
1183,1680,1182,1,2
1183,1681,1182,1,2
1183,1682,1182,1,2
1193,1593,1171,0,3
1194,1584,1193,1,2
1194,1586,1193,1,2
1194,1590,1193,1,2
1194,1591,1193,1,2
1194,1599,1193,1,2
1194,1601,1193,1,2
1194,1603,1193,1,2
1194,1604,1193,1,2
1194,1607,1193,1,2
1194,1609,1193,1,2
1194,1610,1193,1,2
1194,1615,1193,1,2
1194,1617,1193,1,2
1194,1619,1193,1,2
1194,1624,1193,1,2
1194,1625,1193,1,2
1194,1626,1193,1,2
1194,1627,1193,1,2
1194,1629,1193,1,2
1194,1630,1193,1,2
1194,1631,1193,1,2
1194,1632,1193,1,2
1194,1635,1193,1,2
1194,1637,1193,1,2
1194,1639,1193,1,2
1194,1647,1193,1,2
1194,1649,1193,1,2
1194,1651,1193,1,2
1194,1652,1193,1,2
1194,1661,1193,1,2
1194,1665,1193,1,2
1194,1669,1193,1,2
1194,1670,1193,1,2
1194,1671,1193,1,2
1194,1677,1193,1,2
1194,1679,1193,1,2
1194,1683,1193,1,2
1205,1587,1204,1,2
1205,1592,1204,1,2
1205,1593,1204,1,2
1205,1596,1204,1,2
1205,1598,1204,1,2
1205,1600,1204,1,2
1205,1602,1204,1,2
1205,1606,1204,1,2
1205,1608,1204,1,2
1205,1611,1204,1,2
1205,1613,1204,1,2
1205,1616,1204,1,2
1205,1618,1204,1,2
1205,1623,1204,1,2
1205,1633,1204,1,2
1205,1634,1204,1,2
1205,1636,1204,1,2
1205,1638,1204,1,2
1205,1640,1204,1,2
1205,1641,1204,1,2
1205,1643,1204,1,2
1205,1648,1204,1,2
1205,1650,1204,1,2
1205,1653,1204,1,2
1205,1654,1204,1,2
1205,1655,1204,1,2
1205,1656,1204,1,2
1205,1658,1204,1,2
1205,1662,1204,1,2
1205,1663,1204,1,2
1205,1672,1204,1,2
1205,1674,1204,1,2
1205,1675,1204,1,2
1205,1680,1204,1,2
1205,1681,1204,1,2
1205,1682,1204,1,2
1215,1600,1237,3,0
1215,1606,1237,3,0
1215,1618,1237,3,0
1215,1650,1237,3,0
1215,1659,1237,3,0
1216,1584,1215,1,2
1216,1586,1215,1,2
1216,1590,1215,1,2
1216,1591,1215,1,2
1216,1599,1215,1,2
1216,1601,1215,1,2
1216,1603,1215,1,2
1216,1604,1215,1,2
1216,1607,1215,1,2
1216,1609,1215,1,2
1216,1610,1215,1,2
1216,1615,1215,1,2
1216,1617,1215,1,2
1216,1619,1215,1,2
1216,1624,1215,1,2
1216,1625,1215,1,2
1216,1626,1215,1,2
1216,1627,1215,1,2
1216,1629,1215,1,2
1216,1630,1215,1,2
1216,1631,1215,1,2
1216,1632,1215,1,2
1216,1635,1215,1,2
1216,1637,1215,1,2
1216,1639,1215,1,2
1216,1647,1215,1,2
1216,1649,1215,1,2
1216,1651,1215,1,2
1216,1652,1215,1,2
1216,1665,1215,1,2
1216,1668,1215,1,2
1216,1669,1215,1,2
1216,1670,1215,1,2
1216,1671,1215,1,2
1216,1676,1215,1,2
1216,1677,1215,1,2
1216,1679,1215,1,2
1216,1683,1215,1,2
1226,1604,1248,3,0
1226,1668,1248,3,0
1226,1676,1248,3,0
1227,1587,1226,1,2
1227,1592,1226,1,2
1227,1595,1226,1,2
1227,1596,1226,1,2
1227,1598,1226,1,2
1227,1600,1226,1,2
1227,1602,1226,1,2
1227,1606,1226,1,2
1227,1608,1226,1,2
1227,1611,1226,1,2
1227,1613,1226,1,2
1227,1616,1226,1,2
1227,1618,1226,1,2
1227,1623,1226,1,2
1227,1633,1226,1,2
1227,1634,1226,1,2
1227,1636,1226,1,2
1227,1638,1226,1,2
1227,1640,1226,1,2
1227,1641,1226,1,2
1227,1643,1226,1,2
1227,1648,1226,1,2
1227,1650,1226,1,2
1227,1653,1226,1,2
1227,1655,1226,1,2
1227,1656,1226,1,2
1227,1658,1226,1,2
1227,1662,1226,1,2
1227,1663,1226,1,2
1227,1664,1226,1,2
1227,1674,1226,1,2
1227,1675,1226,1,2
1227,1680,1226,1,2
1227,1681,1226,1,2
1227,1682,1226,1,2
1238,1584,1237,1,2
1238,1586,1237,1,2
1238,1590,1237,1,2
1238,1591,1237,1,2
1238,1599,1237,1,2
1238,1601,1237,1,2
1238,1603,1237,1,2
1238,1604,1237,1,2
1238,1607,1237,1,2
1238,1609,1237,1,2
1238,1610,1237,1,2
1238,1615,1237,1,2
1238,1617,1237,1,2
1238,1624,1237,1,2
1238,1625,1237,1,2
1238,1626,1237,1,2
1238,1627,1237,1,2
1238,1629,1237,1,2
1238,1630,1237,1,2
1238,1631,1237,1,2
1238,1635,1237,1,2
1238,1637,1237,1,2
1238,1639,1237,1,2
1238,1647,1237,1,2
1238,1649,1237,1,2
1238,1651,1237,1,2
1238,1652,1237,1,2
1238,1665,1237,1,2
1238,1669,1237,1,2
1238,1670,1237,1,2
1238,1671,1237,1,2
1238,1676,1237,1,2
1238,1677,1237,1,2
1238,1679,1237,1,2
1248,1604,1270,3,0
1248,1676,1270,3,0
1249,1587,1248,1,2
1249,1588,1248,1,2
1249,1592,1248,1,2
1249,1593,1248,1,2
1249,1595,1248,1,2
1249,1596,1248,1,2
1249,1598,1248,1,2
1249,1602,1248,1,2
1249,1606,1248,1,2
1249,1608,1248,1,2
1249,1611,1248,1,2
1249,1616,1248,1,2
1249,1622,1248,1,2
1249,1623,1248,1,2
1249,1628,1248,1,2
1249,1633,1248,1,2
1249,1634,1248,1,2
1249,1636,1248,1,2
1249,1638,1248,1,2
1249,1642,1248,1,2
1249,1643,1248,1,2
1249,1645,1248,1,2
1249,1648,1248,1,2
1249,1653,1248,1,2
1249,1655,1248,1,2
1249,1656,1248,1,2
1249,1662,1248,1,2
1249,1663,1248,1,2
1249,1664,1248,1,2
1249,1672,1248,1,2
1249,1674,1248,1,2
1249,1675,1248,1,2
1249,1678,1248,1,2
1249,1680,1248,1,2
1249,1681,1248,1,2
1249,1682,1248,1,2
1259,1672,1237,0,3
1260,1584,1259,1,2
1260,1586,1259,1,2
1260,1589,1259,1,2
1260,1590,1259,1,2
1260,1591,1259,1,2
1260,1601,1259,1,2
1260,1603,1259,1,2
1260,1607,1259,1,2
1260,1609,1259,1,2
1260,1615,1259,1,2
1260,1617,1259,1,2
1260,1624,1259,1,2
1260,1626,1259,1,2
1260,1627,1259,1,2
1260,1629,1259,1,2
1260,1631,1259,1,2
1260,1635,1259,1,2
1260,1637,1259,1,2
1260,1639,1259,1,2
1260,1649,1259,1,2
1260,1651,1259,1,2
1260,1652,1259,1,2
1260,1660,1259,1,2
1260,1665,1259,1,2
1260,1667,1259,1,2
1260,1669,1259,1,2
1260,1670,1259,1,2
1260,1671,1259,1,2
1260,1676,1259,1,2
1260,1677,1259,1,2
1260,1679,1259,1,2
1271,1585,1270,1,2
1271,1587,1270,1,2
1271,1588,1270,1,2
1271,1592,1270,1,2
1271,1595,1270,1,2
1271,1596,1270,1,2
1271,1598,1270,1,2
1271,1602,1270,1,2
1271,1608,1270,1,2
1271,1611,1270,1,2
1271,1612,1270,1,2
1271,1614,1270,1,2
1271,1620,1270,1,2
1271,1622,1270,1,2
1271,1623,1270,1,2
1271,1628,1270,1,2
1271,1633,1270,1,2
1271,1634,1270,1,2
1271,1636,1270,1,2
1271,1638,1270,1,2
1271,1642,1270,1,2
1271,1643,1270,1,2
1271,1645,1270,1,2
1271,1653,1270,1,2
1271,1655,1270,1,2
1271,1656,1270,1,2
1271,1659,1270,1,2
1271,1662,1270,1,2
1271,1663,1270,1,2
1271,1664,1270,1,2
1271,1672,1270,1,2
1271,1674,1270,1,2
1271,1675,1270,1,2
1271,1680,1270,1,2
1271,1682,1270,1,2
1282,1584,1281,1,2
1282,1586,1281,1,2
1282,1589,1281,1,2
1282,1590,1281,1,2
1282,1591,1281,1,2
1282,1601,1281,1,2
1282,1607,1281,1,2
1282,1609,1281,1,2
1282,1615,1281,1,2
1282,1617,1281,1,2
1282,1624,1281,1,2
1282,1626,1281,1,2
1282,1627,1281,1,2
1282,1629,1281,1,2
1282,1635,1281,1,2
1282,1637,1281,1,2
1282,1644,1281,1,2
1282,1646,1281,1,2
1282,1649,1281,1,2
1282,1651,1281,1,2
1282,1652,1281,1,2
1282,1660,1281,1,2
1282,1665,1281,1,2
1282,1667,1281,1,2
1282,1669,1281,1,2
1282,1670,1281,1,2
1282,1671,1281,1,2
1282,1676,1281,1,2
1282,1677,1281,1,2
1282,1679,1281,1,2
1292,1589,1314,3,0
1292,1604,1314,3,0
1292,1644,1314,3,0
1292,1646,1314,3,0
1292,1660,1314,3,0
1292,1667,1314,3,0
1292,1676,1314,3,0
1293,1585,1292,1,2
1293,1587,1292,1,2
1293,1588,1292,1,2
1293,1592,1292,1,2
1293,1595,1292,1,2
1293,1596,1292,1,2
1293,1598,1292,1,2
1293,1602,1292,1,2
1293,1608,1292,1,2
1293,1611,1292,1,2
1293,1612,1292,1,2
1293,1614,1292,1,2
1293,1620,1292,1,2
1293,1622,1292,1,2
1293,1623,1292,1,2
1293,1628,1292,1,2
1293,1633,1292,1,2
1293,1636,1292,1,2
1293,1638,1292,1,2
1293,1642,1292,1,2
1293,1643,1292,1,2
1293,1645,1292,1,2
1293,1653,1292,1,2
1293,1655,1292,1,2
1293,1656,1292,1,2
1293,1659,1292,1,2
1293,1662,1292,1,2
1293,1663,1292,1,2
1293,1664,1292,1,2
1293,1674,1292,1,2
1293,1675,1292,1,2
1293,1680,1292,1,2
1293,1682,1292,1,2
1304,1589,1303,1,2
1304,1644,1303,1,2
1304,1646,1303,1,2
1304,1660,1303,1,2
1304,1667,1303,1,2
1304,1676,1303,1,2
1314,1604,1336,3,0
1315,1585,1314,1,2
1315,1587,1314,1,2
1315,1588,1314,1,2
1315,1592,1314,1,2
1315,1594,1314,1,2
1315,1595,1314,1,2
1315,1596,1314,1,2
1315,1597,1314,1,2
1315,1598,1314,1,2
1315,1600,1314,1,2
1315,1602,1314,1,2
1315,1608,1314,1,2
1315,1611,1314,1,2
1315,1612,1314,1,2
1315,1614,1314,1,2
1315,1618,1314,1,2
1315,1620,1314,1,2
1315,1622,1314,1,2
1315,1623,1314,1,2
1315,1628,1314,1,2
1315,1633,1314,1,2
1315,1636,1314,1,2
1315,1638,1314,1,2
1315,1642,1314,1,2
1315,1643,1314,1,2
1315,1645,1314,1,2
1315,1650,1314,1,2
1315,1653,1314,1,2
1315,1655,1314,1,2
1315,1656,1314,1,2
1315,1659,1314,1,2
1315,1662,1314,1,2
1315,1663,1314,1,2
1315,1664,1314,1,2
1315,1674,1314,1,2
1315,1675,1314,1,2
1315,1680,1314,1,2
1315,1682,1314,1,2
1326,1589,1325,1,2
1326,1621,1325,1,2
1326,1644,1325,1,2
1326,1646,1325,1,2
1326,1654,1325,1,2
1326,1660,1325,1,2
1326,1667,1325,1,2
1326,1676,1325,1,2
1336,1584,1314,0,3
1336,1591,1314,0,3
1336,1615,1314,0,3
1336,1617,1314,0,3
1336,1649,1314,0,3
1336,1652,1314,0,3
1336,1668,1314,0,3
1336,1673,1314,0,3
1337,1587,1336,1,2
1337,1600,1336,1,2
1337,1602,1336,1,2
1337,1618,1336,1,2
1337,1643,1336,1,2
1337,1650,1336,1,2
1337,1659,1336,1,2
1337,1674,1336,1,2
1337,1682,1336,1,2
1347,1600,1325,0,3
1347,1606,1325,0,3
1347,1618,1325,0,3
1347,1650,1325,0,3
1347,1659,1325,0,3
1348,1584,1347,1,2
1348,1589,1347,1,2
1348,1591,1347,1,2
1348,1617,1347,1,2
1348,1641,1347,1,2
1348,1646,1347,1,2
1348,1649,1347,1,2
1348,1654,1347,1,2
1348,1660,1347,1,2
1348,1667,1347,1,2
1348,1668,1347,1,2
1348,1673,1347,1,2
1359,1585,1358,1,2
1359,1587,1358,1,2
1359,1588,1358,1,2
1359,1592,1358,1,2
1359,1594,1358,1,2
1359,1595,1358,1,2
1359,1597,1358,1,2
1359,1598,1358,1,2
1359,1600,1358,1,2
1359,1602,1358,1,2
1359,1606,1358,1,2
1359,1608,1358,1,2
1359,1611,1358,1,2
1359,1612,1358,1,2
1359,1614,1358,1,2
1359,1618,1358,1,2
1359,1619,1358,1,2
1359,1620,1358,1,2
1359,1622,1358,1,2
1359,1623,1358,1,2
1359,1628,1358,1,2
1359,1633,1358,1,2
1359,1636,1358,1,2
1359,1642,1358,1,2
1359,1643,1358,1,2
1359,1645,1358,1,2
1359,1650,1358,1,2
1359,1653,1358,1,2
1359,1655,1358,1,2
1359,1659,1358,1,2
1359,1661,1358,1,2
1359,1662,1358,1,2
1359,1663,1358,1,2
1359,1664,1358,1,2
1359,1666,1358,1,2
1359,1674,1358,1,2
1359,1675,1358,1,2
1359,1680,1358,1,2
1359,1682,1358,1,2
1369,1655,1391,3,0
1369,1656,1391,3,0
1369,1680,1391,3,0
1370,1589,1369,1,2
1370,1613,1369,1,2
1370,1616,1369,1,2
1370,1641,1369,1,2
1370,1646,1369,1,2
1370,1648,1369,1,2
1370,1654,1369,1,2
1370,1658,1369,1,2
1370,1660,1369,1,2
1370,1667,1369,1,2
1370,1681,1369,1,2
1381,1585,1380,1,2
1381,1588,1380,1,2
1381,1594,1380,1,2
1381,1595,1380,1,2
1381,1597,1380,1,2
1381,1599,1380,1,2
1381,1600,1380,1,2
1381,1602,1380,1,2
1381,1606,1380,1,2
1381,1612,1380,1,2
1381,1614,1380,1,2
1381,1618,1380,1,2
1381,1619,1380,1,2
1381,1620,1380,1,2
1381,1622,1380,1,2
1381,1623,1380,1,2
1381,1625,1380,1,2
1381,1628,1380,1,2
1381,1632,1380,1,2
1381,1633,1380,1,2
1381,1636,1380,1,2
1381,1642,1380,1,2
1381,1643,1380,1,2
1381,1645,1380,1,2
1381,1647,1380,1,2
1381,1650,1380,1,2
1381,1659,1380,1,2
1381,1661,1380,1,2
1381,1663,1380,1,2
1381,1664,1380,1,2
1381,1666,1380,1,2
1381,1682,1380,1,2
1381,1683,1380,1,2
1392,1584,1391,1,2
1392,1589,1391,1,2
1392,1593,1391,1,2
1392,1613,1391,1,2
1392,1616,1391,1,2
1392,1634,1391,1,2
1392,1641,1391,1,2
1392,1646,1391,1,2
1392,1648,1391,1,2
1392,1654,1391,1,2
1392,1658,1391,1,2
1392,1660,1391,1,2
1392,1667,1391,1,2
1392,1668,1391,1,2
1392,1672,1391,1,2
1392,1673,1391,1,2
1392,1681,1391,1,2
1403,1585,1402,1,2
1403,1588,1402,1,2
1403,1592,1402,1,2
1403,1594,1402,1,2
1403,1595,1402,1,2
1403,1597,1402,1,2
1403,1598,1402,1,2
1403,1599,1402,1,2
1403,1600,1402,1,2
1403,1606,1402,1,2
1403,1608,1402,1,2
1403,1610,1402,1,2
1403,1611,1402,1,2
1403,1612,1402,1,2
1403,1614,1402,1,2
1403,1618,1402,1,2
1403,1619,1402,1,2
1403,1620,1402,1,2
1403,1622,1402,1,2
1403,1623,1402,1,2
1403,1625,1402,1,2
1403,1628,1402,1,2
1403,1630,1402,1,2
1403,1632,1402,1,2
1403,1633,1402,1,2
1403,1636,1402,1,2
1403,1639,1402,1,2
1403,1642,1402,1,2
1403,1645,1402,1,2
1403,1647,1402,1,2
1403,1650,1402,1,2
1403,1655,1402,1,2
1403,1656,1402,1,2
1403,1659,1402,1,2
1403,1661,1402,1,2
1403,1662,1402,1,2
1403,1663,1402,1,2
1403,1664,1402,1,2
1403,1666,1402,1,2
1403,1675,1402,1,2
1403,1682,1402,1,2
1403,1683,1402,1,2
1414,1589,1413,1,2
1414,1593,1413,1,2
1414,1613,1413,1,2
1414,1616,1413,1,2
1414,1634,1413,1,2
1414,1641,1413,1,2
1414,1646,1413,1,2
1414,1648,1413,1,2
1414,1654,1413,1,2
1414,1658,1413,1,2
1414,1660,1413,1,2
1414,1667,1413,1,2
1414,1668,1413,1,2
1414,1672,1413,1,2
1414,1673,1413,1,2
1414,1681,1413,1,2
1424,1589,1446,3,0
1424,1593,1446,3,0
1424,1604,1402,0,3
1424,1613,1446,3,0
1424,1616,1446,3,0
1424,1621,1446,3,0
1424,1634,1446,3,0
1424,1640,1446,3,0
1424,1641,1446,3,0
1424,1644,1446,3,0
1424,1646,1446,3,0
1424,1648,1446,3,0
1424,1654,1446,3,0
1424,1658,1446,3,0
1424,1660,1446,3,0
1424,1667,1446,3,0
1424,1672,1446,3,0
1424,1676,1446,3,0
1424,1678,1446,3,0
1424,1681,1446,3,0
1425,1585,1424,1,2
1425,1588,1424,1,2
1425,1590,1424,1,2
1425,1594,1424,1,2
1425,1595,1424,1,2
1425,1597,1424,1,2
1425,1598,1424,1,2
1425,1599,1424,1,2
1425,1600,1424,1,2
1425,1603,1424,1,2
1425,1609,1424,1,2
1425,1610,1424,1,2
1425,1612,1424,1,2
1425,1614,1424,1,2
1425,1618,1424,1,2
1425,1619,1424,1,2
1425,1620,1424,1,2
1425,1622,1424,1,2
1425,1623,1424,1,2
1425,1624,1424,1,2
1425,1625,1424,1,2
1425,1626,1424,1,2
1425,1628,1424,1,2
1425,1629,1424,1,2
1425,1630,1424,1,2
1425,1631,1424,1,2
1425,1632,1424,1,2
1425,1633,1424,1,2
1425,1636,1424,1,2
1425,1639,1424,1,2
1425,1642,1424,1,2
1425,1645,1424,1,2
1425,1647,1424,1,2
1425,1650,1424,1,2
1425,1659,1424,1,2
1425,1661,1424,1,2
1425,1663,1424,1,2
1425,1664,1424,1,2
1425,1666,1424,1,2
1425,1671,1424,1,2
1425,1675,1424,1,2
1425,1683,1424,1,2
1435,1600,1413,0,3
1435,1606,1413,0,3
1435,1618,1413,0,3
1435,1650,1413,0,3
1435,1656,1413,0,3
1435,1659,1413,0,3
1435,1680,1413,0,3
1445,1640,1446,2,1
1447,1585,1446,1,2
1447,1588,1446,1,2
1447,1590,1446,1,2
1447,1594,1446,1,2
1447,1595,1446,1,2
1447,1597,1446,1,2
1447,1598,1446,1,2
1447,1599,1446,1,2
1447,1600,1446,1,2
1447,1601,1446,1,2
1447,1603,1446,1,2
1447,1606,1446,1,2
1447,1607,1446,1,2
1447,1609,1446,1,2
1447,1610,1446,1,2
1447,1612,1446,1,2
1447,1614,1446,1,2
1447,1618,1446,1,2
1447,1619,1446,1,2
1447,1620,1446,1,2
1447,1622,1446,1,2
1447,1623,1446,1,2
1447,1624,1446,1,2
1447,1625,1446,1,2
1447,1626,1446,1,2
1447,1627,1446,1,2
1447,1628,1446,1,2
1447,1629,1446,1,2
1447,1630,1446,1,2
1447,1631,1446,1,2
1447,1632,1446,1,2
1447,1633,1446,1,2
1447,1635,1446,1,2
1447,1636,1446,1,2
1447,1638,1446,1,2
1447,1639,1446,1,2
1447,1642,1446,1,2
1447,1645,1446,1,2
1447,1647,1446,1,2
1447,1650,1446,1,2
1447,1651,1446,1,2
1447,1656,1446,1,2
1447,1659,1446,1,2
1447,1661,1446,1,2
1447,1663,1446,1,2
1447,1664,1446,1,2
1447,1665,1446,1,2
1447,1666,1446,1,2
1447,1669,1446,1,2
1447,1670,1446,1,2
1447,1671,1446,1,2
1447,1675,1446,1,2
1447,1677,1446,1,2
1447,1679,1446,1,2
1447,1680,1446,1,2
1447,1683,1446,1,2
1457,1592,1479,3,0
1457,1636,1479,3,0
1457,1662,1479,3,0
1457,1675,1479,3,0
1458,1589,1457,1,2
1458,1596,1457,1,2
1458,1613,1457,1,2
1458,1616,1457,1,2
1458,1634,1457,1,2
1458,1641,1457,1,2
1458,1654,1457,1,2
1458,1667,1457,1,2
1458,1681,1457,1,2
1468,1589,1490,3,0
1468,1593,1490,3,0
1468,1596,1490,3,0
1468,1604,1446,0,3
1468,1613,1490,3,0
1468,1616,1490,3,0
1468,1634,1490,3,0
1468,1640,1490,3,0
1468,1641,1490,3,0
1468,1644,1490,3,0
1468,1646,1490,3,0
1468,1648,1490,3,0
1468,1654,1490,3,0
1468,1658,1490,3,0
1468,1660,1490,3,0
1468,1667,1490,3,0
1468,1672,1490,3,0
1468,1681,1490,3,0
1469,1585,1468,1,2
1469,1586,1468,1,2
1469,1588,1468,1,2
1469,1590,1468,1,2
1469,1594,1468,1,2
1469,1595,1468,1,2
1469,1597,1468,1,2
1469,1599,1468,1,2
1469,1600,1468,1,2
1469,1601,1468,1,2
1469,1603,1468,1,2
1469,1606,1468,1,2
1469,1607,1468,1,2
1469,1609,1468,1,2
1469,1610,1468,1,2
1469,1612,1468,1,2
1469,1614,1468,1,2
1469,1618,1468,1,2
1469,1619,1468,1,2
1469,1620,1468,1,2
1469,1622,1468,1,2
1469,1623,1468,1,2
1469,1624,1468,1,2
1469,1625,1468,1,2
1469,1626,1468,1,2
1469,1627,1468,1,2
1469,1628,1468,1,2
1469,1629,1468,1,2
1469,1630,1468,1,2
1469,1631,1468,1,2
1469,1632,1468,1,2
1469,1633,1468,1,2
1469,1635,1468,1,2
1469,1636,1468,1,2
1469,1637,1468,1,2
1469,1638,1468,1,2
1469,1639,1468,1,2
1469,1642,1468,1,2
1469,1645,1468,1,2
1469,1647,1468,1,2
1469,1650,1468,1,2
1469,1651,1468,1,2
1469,1652,1468,1,2
1469,1656,1468,1,2
1469,1659,1468,1,2
1469,1661,1468,1,2
1469,1663,1468,1,2
1469,1664,1468,1,2
1469,1665,1468,1,2
1469,1666,1468,1,2
1469,1669,1468,1,2
1469,1670,1468,1,2
1469,1671,1468,1,2
1469,1677,1468,1,2
1469,1679,1468,1,2
1469,1680,1468,1,2
1469,1683,1468,1,2
1479,1592,1501,3,0
1479,1636,1501,3,0
1479,1662,1501,3,0
1480,1596,1479,1,2
1480,1604,1479,1,2
1480,1613,1479,1,2
1480,1616,1479,1,2
1480,1621,1479,1,2
1480,1634,1479,1,2
1480,1641,1479,1,2
1480,1646,1479,1,2
1480,1658,1479,1,2
1480,1676,1479,1,2
1480,1681,1479,1,2
1488,1654,1489,2,1
1490,1589,1512,3,0
1490,1593,1512,3,0
1490,1596,1512,3,0
1490,1613,1512,3,0
1490,1616,1512,3,0
1490,1634,1512,3,0
1490,1640,1512,3,0
1490,1641,1512,3,0
1490,1644,1512,3,0
1490,1646,1512,3,0
1490,1648,1512,3,0
1490,1654,1512,3,0
1490,1658,1512,3,0
1490,1660,1512,3,0
1490,1672,1512,3,0
1490,1681,1512,3,0
1491,1585,1490,1,2
1491,1586,1490,1,2
1491,1588,1490,1,2
1491,1590,1490,1,2
1491,1594,1490,1,2
1491,1595,1490,1,2
1491,1597,1490,1,2
1491,1599,1490,1,2
1491,1600,1490,1,2
1491,1601,1490,1,2
1491,1603,1490,1,2
1491,1606,1490,1,2
1491,1607,1490,1,2
1491,1609,1490,1,2
1491,1610,1490,1,2
1491,1612,1490,1,2
1491,1614,1490,1,2
1491,1615,1490,1,2
1491,1618,1490,1,2
1491,1619,1490,1,2
1491,1620,1490,1,2
1491,1622,1490,1,2
1491,1623,1490,1,2
1491,1624,1490,1,2
1491,1625,1490,1,2
1491,1626,1490,1,2
1491,1627,1490,1,2
1491,1628,1490,1,2
1491,1629,1490,1,2
1491,1630,1490,1,2
1491,1631,1490,1,2
1491,1632,1490,1,2
1491,1633,1490,1,2
1491,1635,1490,1,2
1491,1636,1490,1,2
1491,1637,1490,1,2
1491,1638,1490,1,2
1491,1639,1490,1,2
1491,1642,1490,1,2
1491,1645,1490,1,2
1491,1647,1490,1,2
1491,1649,1490,1,2
1491,1650,1490,1,2
1491,1651,1490,1,2
1491,1652,1490,1,2
1491,1653,1490,1,2
1491,1655,1490,1,2
1491,1656,1490,1,2
1491,1659,1490,1,2
1491,1661,1490,1,2
1491,1663,1490,1,2
1491,1664,1490,1,2
1491,1665,1490,1,2
1491,1666,1490,1,2
1491,1669,1490,1,2
1491,1670,1490,1,2
1491,1671,1490,1,2
1491,1677,1490,1,2
1491,1679,1490,1,2
1491,1680,1490,1,2
1491,1683,1490,1,2
1502,1587,1501,1,2
1502,1596,1501,1,2
1502,1604,1501,1,2
1502,1613,1501,1,2
1502,1616,1501,1,2
1502,1621,1501,1,2
1502,1634,1501,1,2
1502,1640,1501,1,2
1502,1641,1501,1,2
1502,1644,1501,1,2
1502,1646,1501,1,2
1502,1648,1501,1,2
1502,1658,1501,1,2
1502,1674,1501,1,2
1502,1676,1501,1,2
1502,1681,1501,1,2
1512,1604,1490,0,3
1512,1676,1490,0,3
1513,1586,1512,1,2
1513,1590,1512,1,2
1513,1591,1512,1,2
1513,1594,1512,1,2
1513,1597,1512,1,2
1513,1599,1512,1,2
1513,1600,1512,1,2
1513,1601,1512,1,2
1513,1603,1512,1,2
1513,1606,1512,1,2
1513,1607,1512,1,2
1513,1609,1512,1,2
1513,1610,1512,1,2
1513,1615,1512,1,2
1513,1618,1512,1,2
1513,1619,1512,1,2
1513,1624,1512,1,2
1513,1625,1512,1,2
1513,1626,1512,1,2
1513,1627,1512,1,2
1513,1629,1512,1,2
1513,1630,1512,1,2
1513,1631,1512,1,2
1513,1632,1512,1,2
1513,1635,1512,1,2
1513,1637,1512,1,2
1513,1638,1512,1,2
1513,1639,1512,1,2
1513,1647,1512,1,2
1513,1649,1512,1,2
1513,1650,1512,1,2
1513,1651,1512,1,2
1513,1652,1512,1,2
1513,1653,1512,1,2
1513,1655,1512,1,2
1513,1656,1512,1,2
1513,1659,1512,1,2
1513,1661,1512,1,2
1513,1662,1512,1,2
1513,1664,1512,1,2
1513,1665,1512,1,2
1513,1666,1512,1,2
1513,1669,1512,1,2
1513,1670,1512,1,2
1513,1671,1512,1,2
1513,1677,1512,1,2
1513,1679,1512,1,2
1513,1680,1512,1,2
1513,1683,1512,1,2
1523,1638,1501,0,3
1523,1653,1501,0,3
1524,1587,1523,1,2
1524,1596,1523,1,2
1524,1602,1523,1,2
1524,1604,1523,1,2
1524,1613,1523,1,2
1524,1616,1523,1,2
1524,1621,1523,1,2
1524,1634,1523,1,2
1524,1640,1523,1,2
1524,1641,1523,1,2
1524,1643,1523,1,2
1524,1644,1523,1,2
1524,1646,1523,1,2
1524,1648,1523,1,2
1524,1658,1523,1,2
1524,1674,1523,1,2
1524,1676,1523,1,2
1524,1681,1523,1,2
1524,1682,1523,1,2
1534,1587,1556,3,0
1534,1589,1556,3,0
1534,1596,1556,3,0
1534,1602,1556,3,0
1534,1613,1556,3,0
1534,1616,1556,3,0
1534,1634,1556,3,0
1534,1641,1556,3,0
1534,1643,1556,3,0
1534,1654,1556,3,0
1534,1672,1556,3,0
1534,1674,1556,3,0
1534,1681,1556,3,0
1534,1682,1556,3,0
1535,1584,1534,1,2
1535,1585,1534,1,2
1535,1586,1534,1,2
1535,1590,1534,1,2
1535,1591,1534,1,2
1535,1594,1534,1,2
1535,1595,1534,1,2
1535,1597,1534,1,2
1535,1599,1534,1,2
1535,1600,1534,1,2
1535,1601,1534,1,2
1535,1603,1534,1,2
1535,1606,1534,1,2
1535,1607,1534,1,2
1535,1609,1534,1,2
1535,1610,1534,1,2
1535,1612,1534,1,2
1535,1614,1534,1,2
1535,1615,1534,1,2
1535,1617,1534,1,2
1535,1618,1534,1,2
1535,1619,1534,1,2
1535,1620,1534,1,2
1535,1622,1534,1,2
1535,1624,1534,1,2
1535,1625,1534,1,2
1535,1626,1534,1,2
1535,1627,1534,1,2
1535,1628,1534,1,2
1535,1629,1534,1,2
1535,1630,1534,1,2
1535,1631,1534,1,2
1535,1632,1534,1,2
1535,1635,1534,1,2
1535,1637,1534,1,2
1535,1638,1534,1,2
1535,1639,1534,1,2
1535,1645,1534,1,2
1535,1647,1534,1,2
1535,1649,1534,1,2
1535,1650,1534,1,2
1535,1651,1534,1,2
1535,1652,1534,1,2
1535,1653,1534,1,2
1535,1655,1534,1,2
1535,1656,1534,1,2
1535,1659,1534,1,2
1535,1661,1534,1,2
1535,1662,1534,1,2
1535,1664,1534,1,2
1535,1665,1534,1,2
1535,1666,1534,1,2
1535,1669,1534,1,2
1535,1670,1534,1,2
1535,1671,1534,1,2
1535,1677,1534,1,2
1535,1679,1534,1,2
1535,1680,1534,1,2
1535,1683,1534,1,2
1545,1638,1523,0,3
1545,1653,1523,0,3
1545,1675,1523,0,3
1546,1604,1545,1,2
1546,1621,1545,1,2
1546,1646,1545,1,2
1546,1658,1545,1,2
1546,1676,1545,1,2
1557,1584,1556,1,2
1557,1585,1556,1,2
1557,1586,1556,1,2
1557,1588,1556,1,2
1557,1590,1556,1,2
1557,1591,1556,1,2
1557,1592,1556,1,2
1557,1594,1556,1,2
1557,1595,1556,1,2
1557,1597,1556,1,2
1557,1599,1556,1,2
1557,1600,1556,1,2
1557,1601,1556,1,2
1557,1603,1556,1,2
1557,1606,1556,1,2
1557,1607,1556,1,2
1557,1608,1556,1,2
1557,1609,1556,1,2
1557,1610,1556,1,2
1557,1611,1556,1,2
1557,1612,1556,1,2
1557,1614,1556,1,2
1557,1615,1556,1,2
1557,1617,1556,1,2
1557,1618,1556,1,2
1557,1619,1556,1,2
1557,1620,1556,1,2
1557,1622,1556,1,2
1557,1623,1556,1,2
1557,1624,1556,1,2
1557,1625,1556,1,2
1557,1626,1556,1,2
1557,1627,1556,1,2
1557,1628,1556,1,2
1557,1629,1556,1,2
1557,1630,1556,1,2
1557,1631,1556,1,2
1557,1632,1556,1,2
1557,1633,1556,1,2
1557,1635,1556,1,2
1557,1637,1556,1,2
1557,1638,1556,1,2
1557,1639,1556,1,2
1557,1642,1556,1,2
1557,1645,1556,1,2
1557,1647,1556,1,2
1557,1649,1556,1,2
1557,1650,1556,1,2
1557,1651,1556,1,2
1557,1652,1556,1,2
1557,1653,1556,1,2
1557,1655,1556,1,2
1557,1656,1556,1,2
1557,1659,1556,1,2
1557,1661,1556,1,2
1557,1662,1556,1,2
1557,1664,1556,1,2
1557,1665,1556,1,2
1557,1666,1556,1,2
1557,1669,1556,1,2
1557,1670,1556,1,2
1557,1671,1556,1,2
1557,1673,1556,1,2
1557,1675,1556,1,2
1557,1677,1556,1,2
1557,1679,1556,1,2
1557,1680,1556,1,2
1557,1683,1556,1,2
1568,1587,1567,1,2
1568,1596,1567,1,2
1568,1602,1567,1,2
1568,1613,1567,1,2
1568,1616,1567,1,2
1568,1634,1567,1,2
1568,1643,1567,1,2
1568,1674,1567,1,2
1568,1681,1567,1,2
1568,1682,1567,1,2
1578,1587,16,3,3
1578,1596,16,3,3
1578,1602,16,3,3
1578,1613,16,3,3
1578,1616,16,3,3
1578,1634,16,3,3
1578,1643,16,3,3
1578,1674,16,3,3
1578,1681,16,3,3
1578,1682,16,3,3
1579,1584,1578,1,2
1579,1585,1578,1,2
1579,1586,1578,1,2
1579,1588,1578,1,2
1579,1590,1578,1,2
1579,1591,1578,1,2
1579,1592,1578,1,2
1579,1594,1578,1,2
1579,1595,1578,1,2
1579,1597,1578,1,2
1579,1599,1578,1,2
1579,1600,1578,1,2
1579,1601,1578,1,2
1579,1603,1578,1,2
1579,1606,1578,1,2
1579,1607,1578,1,2
1579,1608,1578,1,2
1579,1609,1578,1,2
1579,1610,1578,1,2
1579,1611,1578,1,2
1579,1612,1578,1,2
1579,1614,1578,1,2
1579,1615,1578,1,2
1579,1617,1578,1,2
1579,1618,1578,1,2
1579,1619,1578,1,2
1579,1620,1578,1,2
1579,1622,1578,1,2
1579,1623,1578,1,2
1579,1624,1578,1,2
1579,1625,1578,1,2
1579,1626,1578,1,2
1579,1627,1578,1,2
1579,1628,1578,1,2
1579,1629,1578,1,2
1579,1630,1578,1,2
1579,1631,1578,1,2
1579,1632,1578,1,2
1579,1633,1578,1,2
1579,1635,1578,1,2
1579,1637,1578,1,2
1579,1639,1578,1,2
1579,1642,1578,1,2
1579,1645,1578,1,2
1579,1647,1578,1,2
1579,1649,1578,1,2
1579,1650,1578,1,2
1579,1651,1578,1,2
1579,1652,1578,1,2
1579,1653,1578,1,2
1579,1655,1578,1,2
1579,1656,1578,1,2
1579,1661,1578,1,2
1579,1662,1578,1,2
1579,1664,1578,1,2
1579,1665,1578,1,2
1579,1666,1578,1,2
1579,1668,1578,1,2
1579,1669,1578,1,2
1579,1670,1578,1,2
1579,1671,1578,1,2
1579,1673,1578,1,2
1579,1675,1578,1,2
1579,1677,1578,1,2
1579,1679,1578,1,2
1579,1680,1578,1,2
1579,1683,1578,1,2
1584,1665,382,0,4
1588,1620,727,0,4
1601,1614,903,0,4
1601,1620,903,0,4
1601,1642,903,0,4
1610,1647,121,0,4
1612,1655,705,0,4
1614,1601,771,0,4
1616,1681,110,0,4
1619,1620,815,0,4
1620,1588,727,0,4
1620,1601,771,0,4
1620,1619,771,0,4
1623,1664,74,0,4
1637,1664,795,0,4
1639,1665,316,0,4
1642,1601,749,0,4
1642,1661,749,0,4
1647,1610,121,0,4
1654,1662,1499,0,4
1655,1612,573,0,4
1656,1682,1397,0,4
1661,1642,793,0,4
1662,1654,1504,0,4
1664,1623,74,0,4
1664,1637,619,0,4
1665,1584,382,0,4
1665,1639,316,0,4
1681,1616,110,0,4
1682,1656,1089,0,4
